     0/299     3.97G   0.09623   0.09126   0.01962    0.2071        47       640    0.2423    0.2969    0.1721   0.04882   0.07146   0.05538   0.01583
     1/299     3.98G   0.07766   0.07825    0.0129    0.1688        88       640     0.465    0.5371    0.4777    0.1897   0.05772   0.05174   0.01153
     2/299     3.98G   0.07153   0.07379  0.009873    0.1552        35       640    0.6028    0.5829    0.5743    0.2218   0.05176   0.04935   0.01208
     3/299     3.98G   0.06618   0.07045   0.00864    0.1453        36       640    0.6687    0.6978    0.6467     0.268   0.04482   0.03931  0.007986
     4/299     3.98G   0.06029   0.06813   0.00794    0.1364        20       640    0.8237    0.7497    0.8041    0.3807   0.04105   0.03826  0.007316
     5/299     3.98G   0.05627   0.06547  0.006927    0.1287        25       640    0.8664    0.7857    0.8554    0.4377   0.03884   0.03704  0.007183
     6/299     3.98G   0.05265   0.06301  0.006182    0.1219        41       640    0.8809    0.7792    0.8707     0.493   0.03537   0.03502  0.008792
     7/299     3.98G    0.0494   0.06024  0.005699    0.1153        26       640    0.8691    0.7919    0.8711    0.4816    0.0342   0.03833  0.006999
     8/299     3.98G   0.04931   0.06033  0.005295    0.1149        16       640    0.8918     0.845    0.8973     0.516   0.03256   0.03319  0.006784
     9/299     3.98G   0.04766   0.05923  0.005048    0.1119        23       640    0.9048    0.8557    0.9048    0.5361   0.03197   0.03379  0.006164
    10/299     3.98G   0.04701   0.05818  0.004954    0.1101        26       640    0.8677    0.8873    0.9088    0.5304   0.03106   0.03248   0.00613
    11/299     3.98G   0.04521   0.05702  0.004877    0.1071        30       640    0.9162    0.8596    0.9133    0.5494    0.0307   0.03221  0.006657
    12/299     3.98G   0.04472   0.05717  0.004493    0.1064        27       640    0.8965    0.8593    0.9026    0.5393   0.03073    0.0323  0.006445
    13/299     3.98G    0.0452   0.05683  0.004239    0.1063        26       640    0.9154    0.8629    0.9144    0.5626   0.02955   0.03233  0.005921
    14/299     3.98G   0.04383   0.05526  0.004253    0.1033        32       640    0.9164    0.8853    0.9246    0.5725   0.02908   0.03182  0.005742
    15/299     3.98G   0.04281   0.05525  0.004129    0.1022        32       640    0.8871    0.8897    0.9181    0.5682    0.0291   0.03093  0.005999
    16/299     3.98G   0.04264   0.05573  0.004113    0.1025        65       640    0.9125    0.8961    0.9315    0.5702   0.02885   0.03116  0.005641
    17/299     3.98G   0.04253   0.05468   0.00394    0.1012        18       640    0.9135    0.8942    0.9339    0.5847   0.02827   0.03058  0.005664
    18/299     3.98G    0.0416   0.05446  0.003989       0.1        27       640    0.9227    0.8725     0.925    0.5789   0.02874   0.03106  0.005795
    19/299     3.98G   0.04112   0.05278  0.003955   0.09786        24       640    0.9256    0.8824    0.9277     0.592   0.02812   0.03036  0.005757
    20/299     3.98G   0.04115   0.05322  0.003719   0.09809        23       640    0.9107    0.8941    0.9251    0.5794   0.02824   0.03106  0.005709
    21/299     3.98G    0.0417   0.05334  0.003508   0.09855        21       640    0.9031    0.9036    0.9276    0.5921    0.0279   0.03066  0.005913
    22/299     3.98G   0.04076   0.05297  0.003554   0.09729        26       640    0.9025    0.9043    0.9286    0.5842   0.02851   0.03086  0.005924
    23/299     3.98G   0.04059   0.05286  0.003597   0.09705        24       640    0.8929    0.8968    0.9232    0.5862    0.0283   0.03092  0.005659
    24/299     3.98G   0.03941   0.05277  0.003512   0.09569        37       640    0.9028    0.8967     0.926    0.5862   0.02826   0.03089  0.005739
    25/299     3.98G      0.04   0.05226  0.003435    0.0957        17       640      0.91     0.889     0.927     0.593   0.02771   0.03038  0.005696
    26/299     3.98G    0.0396   0.05147  0.003387   0.09446        17       640    0.9037    0.9031    0.9268    0.5906   0.02768   0.03028  0.006341
    27/299     3.98G    0.0393   0.05183  0.003509   0.09464        21       640     0.906       0.9    0.9316    0.5955   0.02764   0.03052  0.005279
    28/299     3.98G   0.03962   0.05146  0.003376   0.09446        19       640     0.909     0.901    0.9333    0.5977   0.02753   0.02991   0.00572
    29/299     3.98G   0.03915   0.05112  0.003052   0.09332        24       640    0.9114    0.8996    0.9319    0.6006   0.02721   0.02999  0.005561
    30/299     3.98G   0.04035   0.05189  0.003377   0.09561        49       640    0.9171    0.8942    0.9319    0.5995    0.0269   0.03101   0.00543
    31/299     3.98G    0.0393   0.05175  0.003123   0.09417        35       640    0.9076     0.892    0.9311    0.5976   0.02698   0.02975  0.006097
    32/299     3.98G   0.03903   0.05096  0.003201   0.09319        17       640    0.9199    0.8946    0.9317    0.6002   0.02735   0.03008  0.005726
    33/299     3.98G   0.03819   0.05054    0.0033   0.09203        32       640    0.8971    0.9164    0.9329    0.5986   0.02703   0.02987  0.005705
    34/299     3.98G   0.03852    0.0513  0.003093   0.09291        24       640    0.9014    0.9168    0.9342    0.6012   0.02704   0.03003  0.005571
    35/299     3.98G   0.03853   0.05044  0.003209   0.09218        52       640    0.9167    0.9035     0.936    0.6108   0.02663   0.02966  0.005633
    36/299     3.98G   0.03792   0.04985  0.003093   0.09086        17       640    0.9041    0.9188    0.9348    0.6059   0.02666   0.02981  0.005579
    37/299     3.98G   0.03856   0.05055   0.00297   0.09208        56       640    0.9133    0.9047    0.9319     0.601   0.02623   0.02976  0.005807
    38/299     3.98G   0.03753   0.05084  0.003013   0.09138        37       640     0.909    0.9182     0.937    0.6054    0.0268   0.02958  0.005468
    39/299     3.98G   0.03744   0.05024  0.003177   0.09085        37       640    0.9081    0.9117     0.934    0.6091   0.02638    0.0293   0.00522
    40/299     3.98G   0.03763   0.05091  0.002737   0.09127        23       640    0.9127    0.9064    0.9362     0.607   0.02638    0.0296  0.005378
    41/299     3.98G   0.03782   0.05026  0.002855   0.09094        34       640    0.9186    0.9098    0.9386    0.6171   0.02602   0.02979  0.005437
    42/299     3.98G   0.03793   0.05148  0.002876   0.09229        26       640    0.9272    0.9065    0.9378    0.6105   0.02633   0.02931  0.005343
    43/299     3.98G   0.03717   0.05022   0.00298   0.09037        27       640    0.9188    0.9073    0.9391    0.6133   0.02627   0.02969  0.005381
    44/299     3.98G   0.03701    0.0499  0.003111   0.09002        24       640    0.9056    0.9237    0.9392    0.6148    0.0264   0.03013  0.005493
    45/299     3.98G   0.03707    0.0494   0.00275   0.08922        18       640    0.9155    0.9172    0.9364    0.6129   0.02605   0.02954  0.005551
    46/299     3.98G   0.03694    0.0491  0.002675   0.08871        28       640    0.9242    0.8867    0.9344    0.6082   0.02633   0.02997  0.005549
    47/299     3.98G    0.0372   0.04913  0.002849   0.08918        18       640     0.913     0.913    0.9369    0.6129   0.02622   0.02954  0.005477
    48/299     3.98G   0.03719   0.04943   0.00272   0.08933        23       640    0.9106    0.9128    0.9359    0.6135   0.02587   0.02941  0.005522
    49/299     3.98G   0.03673   0.04867  0.002588   0.08799        19       640    0.8983    0.9262    0.9396    0.6149   0.02602   0.02954   0.00562
    50/299     3.98G   0.03614   0.04817  0.002622   0.08694        21       640    0.9158     0.919    0.9405    0.6172   0.02606   0.02938  0.005613
    51/299     3.98G   0.03629   0.04842  0.002659   0.08737        18       640    0.9129     0.925    0.9401    0.6184   0.02592    0.0293  0.005543
    52/299     3.98G    0.0361   0.04863   0.00262   0.08735        17       640    0.9087    0.9243     0.939    0.6209   0.02586   0.02921   0.00569
    53/299     3.98G    0.0363   0.04929  0.002564   0.08815        21       640    0.8996    0.9277    0.9383    0.6136   0.02619   0.02941  0.005749
    54/299     3.98G   0.03604    0.0478    0.0025   0.08634        15       640    0.9193    0.9058    0.9379    0.6198    0.0259   0.02938  0.005827
    55/299     3.98G   0.03631   0.04912  0.002632   0.08806        18       640    0.9207    0.9097     0.943     0.627   0.02561   0.02907  0.005713
    56/299     3.98G   0.03652   0.04806  0.002554   0.08713        31       640    0.9114    0.9206    0.9416    0.6196   0.02564   0.02917  0.005854
    57/299     3.98G   0.03673   0.04852  0.002429   0.08769        26       640    0.9167    0.9199    0.9399    0.6166   0.02576    0.0294  0.005293
    58/299     3.98G   0.03546   0.04779  0.002595   0.08584        24       640    0.9118     0.926    0.9404    0.6202   0.02562   0.02928  0.005485
    59/299     3.98G   0.03571    0.0472  0.002612   0.08552        28       640    0.9136    0.9196    0.9413    0.6201   0.02575   0.02902  0.005679
    60/299     3.98G   0.03623   0.04873  0.002536   0.08749        27       640     0.919    0.9197    0.9418    0.6171   0.02575   0.02919  0.005643
    61/299     3.98G   0.03586     0.048   0.00256   0.08643        20       640    0.9174    0.9152    0.9412     0.622   0.02563   0.02923  0.005654
    62/299     3.98G   0.03564   0.04863  0.002342   0.08662        72       640    0.9138    0.9203    0.9391    0.6221   0.02537   0.02912  0.005486
    63/299     3.98G   0.03512   0.04776  0.002459   0.08535        27       640    0.9144    0.9224    0.9409    0.6218   0.02554   0.02909  0.005416
    64/299     3.98G   0.03541   0.04773  0.002416   0.08556        35       640    0.9122    0.9251    0.9432    0.6274   0.02538   0.02892  0.005338
    65/299     3.98G   0.03561   0.04714  0.002435   0.08519        30       640    0.9189    0.9212    0.9417    0.6252   0.02548   0.02911  0.005257
    66/299     3.98G   0.03549   0.04761  0.002288   0.08539        28       640    0.9113    0.9262    0.9386    0.6235   0.02557   0.02908  0.005551
    67/299     3.98G   0.03574   0.04839  0.002573   0.08671        26       640    0.9202    0.9253    0.9425     0.625   0.02547   0.02898  0.005231
    68/299     3.98G    0.0357   0.04748  0.002482   0.08567        20       640    0.9199    0.9153    0.9427    0.6277   0.02528   0.02886   0.00567
    69/299     3.98G   0.03492   0.04667  0.002506   0.08409        38       640    0.9192    0.9188    0.9424    0.6251   0.02535   0.02895  0.005523
    70/299     3.98G   0.03495    0.0469   0.00236   0.08421        27       640    0.9181    0.9227    0.9423    0.6264   0.02541    0.0288  0.005675
    71/299     3.98G   0.03543   0.04711  0.002419   0.08496        25       640     0.916    0.9272    0.9433     0.632    0.0252   0.02888  0.005661
    72/299     3.98G   0.03484   0.04735  0.002374   0.08456        26       640     0.909    0.9322    0.9423    0.6284   0.02533   0.02913   0.00531
    73/299     3.98G   0.03495   0.04739  0.002448   0.08479        29       640    0.9156    0.9276    0.9439    0.6314   0.02516   0.02873  0.005181
    74/299     3.98G    0.0345   0.04695  0.002322   0.08377        16       640    0.9147     0.929    0.9425    0.6304   0.02521   0.02859  0.005386
    75/299     3.98G   0.03555   0.04731  0.002365   0.08522        25       640    0.9196    0.9218    0.9424    0.6308    0.0253   0.02891  0.005511
    76/299     3.98G    0.0347   0.04681  0.002511   0.08402        37       640    0.9241     0.918     0.943    0.6311   0.02523    0.0291  0.005375
    77/299     3.98G   0.03458   0.04655  0.002324   0.08346        51       640    0.9106    0.9317    0.9449    0.6328   0.02534   0.02888  0.005354
    78/299     3.98G   0.03452   0.04681  0.002161   0.08349        31       640    0.9156     0.928    0.9431     0.627   0.02521   0.02883  0.005343
    79/299     3.98G   0.03466   0.04595  0.002246   0.08286        19       640    0.9161    0.9316    0.9447     0.632   0.02519   0.02872  0.005432
    80/299     3.98G   0.03466   0.04569  0.002221   0.08257        25       640    0.9137    0.9285    0.9427    0.6312   0.02511   0.02873  0.005425
    81/299     3.98G   0.03455   0.04676  0.002215   0.08352        29       640    0.9225     0.928    0.9438    0.6324   0.02518   0.02883  0.005376
    82/299     3.98G   0.03477   0.04645  0.002016   0.08323        38       640    0.9146      0.93    0.9441    0.6314   0.02522   0.02904   0.00548
    83/299     3.98G   0.03544   0.04627  0.002082    0.0838        23       640     0.914    0.9256     0.944    0.6296   0.02521   0.02894  0.005415
    84/299     3.98G   0.03465   0.04676  0.002192   0.08359        25       640    0.9037    0.9385    0.9428    0.6332   0.02521   0.02875  0.005368
    85/299     3.98G   0.03431   0.04621  0.002113   0.08263        28       640    0.9231    0.9187    0.9437    0.6327    0.0252   0.02872  0.005407
    86/299     3.98G   0.03387   0.04668  0.002234   0.08279        33       640    0.9099    0.9368    0.9435    0.6346   0.02512   0.02871  0.005251
    87/299     3.98G   0.03548   0.04687   0.00216   0.08451        31       640     0.914    0.9301    0.9432    0.6333   0.02507   0.02872   0.00534
    88/299     3.98G   0.03459    0.0462  0.002154   0.08295        44       640    0.9084    0.9325    0.9427    0.6311   0.02507   0.02874  0.005273
    89/299     3.98G   0.03435   0.04531  0.002067   0.08172        14       640    0.9146    0.9293    0.9437    0.6354   0.02502   0.02867  0.005483
    90/299     3.98G   0.03365   0.04552  0.002108   0.08128        21       640    0.9181    0.9213    0.9423    0.6349   0.02509   0.02877  0.005451
    91/299     3.98G   0.03428   0.04598  0.002082   0.08234        41       640    0.9151    0.9276    0.9437    0.6337   0.02505   0.02881  0.005267
    92/299     3.98G   0.03447   0.04668  0.002096   0.08324        48       640    0.9193    0.9209    0.9434    0.6336   0.02511   0.02897  0.005226
    93/299     3.98G   0.03366   0.04515  0.001998   0.08081        24       640    0.9231    0.9198    0.9443     0.634   0.02506   0.02892  0.005213
    94/299     3.98G   0.03423   0.04586  0.002017    0.0821        36       640     0.921    0.9244    0.9452    0.6366   0.02504    0.0289  0.005335
    95/299     3.98G   0.03347   0.04562  0.002001   0.08109        26       640    0.9213     0.924    0.9442    0.6365   0.02502   0.02889  0.005361
    96/299     3.98G   0.03363   0.04519  0.002035   0.08085        15       640    0.9164    0.9315    0.9455    0.6367   0.02508   0.02871  0.005402
    97/299     3.98G   0.03347   0.04508  0.002084   0.08064        39       640     0.927    0.9206     0.946    0.6375   0.02509   0.02863   0.00536
    98/299     3.98G   0.03414   0.04548  0.002012   0.08163        31       640    0.9199    0.9316    0.9467    0.6395    0.0251   0.02869  0.005338
    99/299     3.98G   0.03408   0.04636  0.001928   0.08236        16       640    0.9122    0.9362    0.9453     0.636   0.02501   0.02877  0.005378
   100/299     3.98G   0.03406   0.04537  0.002126   0.08156        36       640     0.919    0.9289    0.9457    0.6366   0.02494   0.02887  0.005357
   101/299     3.98G   0.03344    0.0461  0.002033   0.08157        80       640    0.9284    0.9152    0.9458    0.6368    0.0249   0.02877  0.005423
   102/299     3.98G   0.03377   0.04598  0.001795   0.08154        30       640    0.9273    0.9201    0.9467    0.6397   0.02482   0.02878  0.005435
   103/299     3.98G   0.03395   0.04473  0.002201   0.08088        25       640    0.9136    0.9332    0.9466    0.6418   0.02475   0.02872  0.005325
   104/299     3.98G   0.03307   0.04461  0.001992   0.07967        39       640    0.9136    0.9319    0.9462    0.6388   0.02477   0.02874  0.005366
   105/299     3.98G   0.03388   0.04573  0.001986    0.0816        18       640    0.9166    0.9332    0.9474    0.6408   0.02482   0.02869  0.005309
   106/299     3.98G   0.03257   0.04552   0.00193   0.08002        17       640    0.9122    0.9318    0.9461    0.6398   0.02486   0.02882  0.005403
   107/299     3.98G   0.03326   0.04539  0.001917   0.08056        31       640    0.9111    0.9352    0.9472    0.6387   0.02487   0.02886   0.00537
   108/299     3.98G   0.03266    0.0439   0.00193   0.07848        34       640    0.9099    0.9359    0.9472     0.639   0.02491   0.02893  0.005422
   109/299     3.98G   0.03363   0.04488  0.001852   0.08036        19       640    0.9117    0.9296    0.9461    0.6378   0.02492   0.02894  0.005424
   110/299     3.98G   0.03359   0.04516  0.001912   0.08066        46       640    0.9118    0.9297    0.9454    0.6378   0.02493   0.02892  0.005455
   111/299     3.98G   0.03278   0.04468  0.002011   0.07948        40       640    0.9109    0.9358    0.9455    0.6388   0.02492   0.02889  0.005389
   112/299     3.98G   0.03305   0.04427  0.001908   0.07923        28       640    0.9135    0.9339    0.9461    0.6386   0.02488    0.0288  0.005322
   113/299     3.98G   0.03369   0.04488  0.001881   0.08046        25       640    0.9192    0.9301    0.9462    0.6379   0.02487   0.02874  0.005317
   114/299     3.98G   0.03363   0.04541  0.001751   0.08079        31       640    0.9162    0.9337    0.9453    0.6376   0.02488   0.02873  0.005413
   115/299     3.98G   0.03319     0.044  0.001869   0.07906        32       640    0.9214    0.9278    0.9461    0.6355    0.0249   0.02875  0.005411
   116/299     3.98G   0.03332   0.04451  0.001916   0.07975        17       640    0.9178     0.932    0.9455    0.6366   0.02486   0.02882  0.005367
   117/299     3.98G   0.03352   0.04439   0.00192   0.07983        19       640    0.9217    0.9287    0.9455    0.6365   0.02485   0.02882  0.005349
   118/299     3.98G   0.03298   0.04508  0.001788   0.07985        40       640     0.915    0.9355    0.9459     0.636   0.02483   0.02882   0.00531
   119/299     3.98G   0.03293   0.04434  0.001853   0.07913        27       640    0.9201    0.9324    0.9465    0.6377   0.02479   0.02879  0.005266
   120/299     3.98G   0.03275   0.04458  0.001874   0.07921        16       640      0.92    0.9377     0.947    0.6385   0.02481   0.02877  0.005226
   121/299     3.98G    0.0325   0.04379  0.001922   0.07821        16       640    0.9219    0.9357    0.9471    0.6385   0.02482   0.02882  0.005282
   122/299     3.98G   0.03363   0.04465  0.001873   0.08015        25       640    0.9207    0.9342     0.947    0.6376   0.02482   0.02889  0.005284
   123/299     3.98G    0.0334   0.04478  0.001709   0.07989        39       640    0.9159    0.9369    0.9468    0.6374   0.02482   0.02887  0.005343
   124/299     3.98G   0.03286   0.04452  0.001727   0.07912        37       640     0.915    0.9364    0.9467    0.6377   0.02482   0.02889  0.005327
   125/299     3.98G   0.03286   0.04367  0.001728   0.07826        20       640    0.9115    0.9396    0.9464    0.6374   0.02482   0.02891  0.005277
   126/299     3.98G   0.03287   0.04363  0.001879   0.07838        62       640    0.9164    0.9347    0.9464    0.6383   0.02481   0.02892  0.005267
   127/299     3.98G   0.03238   0.04386  0.001765     0.078        52       640    0.9158     0.937    0.9462    0.6369   0.02482   0.02888  0.005239
   128/299     3.98G   0.03306   0.04477  0.001876   0.07971        23       640    0.9204     0.932    0.9465    0.6375   0.02482   0.02888  0.005237
   129/299     3.98G   0.03293   0.04432  0.001796   0.07905        34       640    0.9167    0.9362    0.9468    0.6379   0.02483    0.0289  0.005236
   130/299     3.98G   0.03293   0.04451  0.001727   0.07917        29       640    0.9221    0.9314    0.9467    0.6381   0.02483   0.02889  0.005227
   131/299     3.98G   0.03225   0.04318  0.001691   0.07711        17       640    0.9178    0.9363     0.947    0.6389   0.02482   0.02888  0.005277
   132/299     3.98G   0.03228   0.04345  0.001722   0.07745        25       640    0.9168    0.9371    0.9473    0.6388   0.02481   0.02889  0.005323
   133/299     3.98G   0.03214   0.04432  0.001766   0.07823        39       640    0.9185    0.9355    0.9473    0.6395    0.0248   0.02887  0.005338
   134/299     3.98G   0.03253   0.04425   0.00174   0.07853        33       640    0.9214    0.9341    0.9467    0.6391   0.02481    0.0289  0.005358
   135/299     3.98G   0.03242   0.04394  0.001813   0.07817        24       640    0.9223     0.935    0.9471    0.6385   0.02483    0.0289  0.005364
   136/299     3.98G   0.03262   0.04397  0.001675   0.07827        15       640     0.922    0.9358    0.9473    0.6392   0.02483   0.02891  0.005362
   137/299     3.98G   0.03141   0.04402  0.001624   0.07705        35       640    0.9188    0.9381    0.9475    0.6393   0.02482   0.02891  0.005391
   138/299     3.98G   0.03193   0.04422  0.001745   0.07789        15       640    0.9184    0.9382    0.9474    0.6394   0.02482   0.02892  0.005412
   139/299     3.98G   0.03228   0.04307   0.00176   0.07711        20       640    0.9188    0.9346    0.9468     0.639   0.02481   0.02892  0.005433
   140/299     3.98G   0.03186   0.04372  0.001602   0.07718        30       640    0.9204    0.9329    0.9473     0.639   0.02481   0.02893  0.005453
   141/299     3.98G   0.03145     0.043  0.001788   0.07624        40       640    0.9207    0.9318    0.9473    0.6388   0.02479   0.02893  0.005446
   142/299     3.98G     0.032   0.04323  0.001611   0.07684        27       640    0.9194    0.9329     0.947    0.6392   0.02479   0.02893  0.005454
   143/299     3.98G   0.03167   0.04333  0.001617   0.07662        50       640    0.9201    0.9331    0.9471    0.6399   0.02477   0.02893  0.005478
   144/299     3.98G   0.03324   0.04346  0.001532   0.07823        20       640    0.9197    0.9336    0.9472    0.6398   0.02476   0.02894  0.005485
   145/299     3.98G   0.03181   0.04422   0.00159   0.07762        27       640    0.9212     0.933    0.9475    0.6406   0.02475   0.02896  0.005471
   146/299     3.98G   0.03188   0.04298   0.00171   0.07656        26       640    0.9209    0.9329    0.9476    0.6401   0.02475   0.02897  0.005458
   147/299     3.98G   0.03167   0.04355  0.001693   0.07691        24       640    0.9209    0.9333    0.9474    0.6405   0.02475   0.02899  0.005467
   148/299     3.98G   0.03218   0.04317  0.001662   0.07702        46       640    0.9208     0.933    0.9472    0.6398   0.02474   0.02899  0.005461
   149/299     3.98G   0.03127    0.0437  0.001591   0.07657        23       640    0.9145    0.9389    0.9473    0.6403   0.02475   0.02898  0.005467
   150/299     3.98G   0.03157    0.0431  0.001501   0.07618        22       640    0.9144    0.9409    0.9474    0.6399   0.02474   0.02899  0.005468
   151/299     3.98G   0.03153   0.04305  0.001582   0.07617        65       640     0.919    0.9349    0.9475    0.6399   0.02473     0.029  0.005469
   152/299     3.98G   0.03121   0.04315  0.001698   0.07606        20       640    0.9228    0.9319    0.9472    0.6391   0.02473   0.02901  0.005465
   153/299     3.98G   0.03218   0.04245  0.001508   0.07615        29       640    0.9236    0.9318    0.9471    0.6394   0.02472   0.02902  0.005483
   154/299     3.98G   0.03186   0.04302  0.001607   0.07649        31       640    0.9235    0.9314    0.9472    0.6395   0.02472   0.02903  0.005495
   155/299     3.98G   0.03157   0.04333  0.001581   0.07647        27       640    0.9189    0.9354     0.947    0.6391   0.02471   0.02904  0.005508
   156/299     3.98G   0.03115    0.0426   0.00163   0.07538        27       640    0.9189    0.9362    0.9472    0.6391   0.02471   0.02905  0.005514
   157/299     3.98G   0.03134   0.04209   0.00156   0.07499        19       640    0.9259    0.9293    0.9471    0.6394    0.0247   0.02905  0.005518
   158/299     3.98G   0.03176   0.04355  0.001651   0.07696        19       640    0.9277    0.9277    0.9475    0.6395   0.02469   0.02905  0.005507
   159/299     3.98G   0.03156   0.04345  0.001453   0.07647        53       640    0.9247    0.9304    0.9478    0.6386    0.0247   0.02905  0.005509
   160/299     3.98G   0.03153    0.0429  0.001583   0.07602        17       640    0.9256    0.9299    0.9476    0.6386    0.0247   0.02907  0.005508
   161/299     3.98G   0.03144   0.04238  0.001619   0.07544        23       640     0.925    0.9306    0.9476     0.638    0.0247   0.02908  0.005516
   162/299     3.98G   0.03098   0.04254  0.001477     0.075        24       640    0.9245    0.9307    0.9471    0.6389    0.0247   0.02909  0.005525
   163/299     3.98G   0.03131   0.04232  0.001523   0.07516        28       640    0.9251    0.9307    0.9471    0.6386    0.0247   0.02909  0.005531
   164/299     3.98G   0.03168   0.04291  0.001568   0.07617        23       640    0.9255    0.9298    0.9474    0.6382    0.0247   0.02909  0.005531
   165/299     3.98G   0.03095   0.04221  0.001592   0.07476        27       640    0.9253    0.9307    0.9479    0.6394    0.0247   0.02909  0.005528
   166/299     3.98G   0.03064   0.04233  0.001522   0.07449        19       640    0.9258    0.9301    0.9474     0.639    0.0247   0.02909  0.005536
   167/299     3.98G   0.03064    0.0426  0.001516   0.07476        28       640     0.927    0.9278    0.9476    0.6394    0.0247   0.02908  0.005542
   168/299     3.98G   0.03046   0.04237  0.001517   0.07435        29       640    0.9281    0.9268    0.9481    0.6387    0.0247   0.02909   0.00555
   169/299     3.98G   0.03002   0.04148  0.001495     0.073        29       640    0.9267    0.9276    0.9481    0.6389    0.0247   0.02908  0.005557
   170/299     3.98G   0.03101   0.04193  0.001535   0.07448        16       640    0.9248    0.9298    0.9482    0.6388   0.02469   0.02909  0.005563
   171/299     3.98G   0.03078    0.0421   0.00147   0.07435        35       640    0.9148    0.9399    0.9482    0.6388   0.02469   0.02909  0.005567
   172/299     3.98G   0.03073   0.04227  0.001439   0.07444        55       640    0.9131    0.9419    0.9481     0.639   0.02469   0.02909  0.005571
   173/299     3.98G   0.03094   0.04158  0.001603   0.07413        55       640     0.926    0.9282    0.9481    0.6391   0.02469    0.0291  0.005572
   174/299     3.98G   0.03063   0.04142  0.001457   0.07351        33       640    0.9254     0.929    0.9479    0.6385   0.02469    0.0291  0.005575
   175/299     3.98G   0.03167   0.04227  0.001481   0.07542        24       640    0.9252    0.9289    0.9479    0.6385   0.02469    0.0291  0.005577
   176/299     3.98G   0.03056   0.04142  0.001641   0.07362        23       640    0.9276    0.9275    0.9483    0.6384    0.0247   0.02911   0.00558
   177/299     3.98G   0.03073   0.04101  0.001418   0.07316        22       640    0.9272     0.927     0.948    0.6387    0.0247   0.02911  0.005582
   178/299     3.98G   0.03035   0.04134  0.001436   0.07313        42       640     0.927    0.9272    0.9481    0.6386    0.0247   0.02911  0.005589
   179/299     3.98G   0.03151   0.04278  0.001476   0.07577       188       640    0.9269    0.9269    0.9479    0.6386    0.0247   0.02912  0.005595
   180/299     3.98G   0.03054   0.04279  0.001445   0.07478        27       640    0.9274    0.9265    0.9475    0.6384    0.0247   0.02913  0.005595
   181/299     3.98G   0.03074    0.0418  0.001458     0.074        32       640    0.9267    0.9273    0.9475     0.638    0.0247   0.02913  0.005599
   182/299     3.98G   0.03054   0.04132  0.001462   0.07332        26       640    0.9119    0.9432    0.9474    0.6379    0.0247   0.02914  0.005602
   183/299     3.98G   0.03039   0.04251  0.001436   0.07434        26       640     0.912    0.9434    0.9473    0.6377    0.0247   0.02914  0.005602
   184/299     3.98G   0.03051   0.04113  0.001351   0.07299        32       640    0.9118    0.9432    0.9472     0.638    0.0247   0.02915    0.0056
   185/299     3.98G    0.0303   0.04166  0.001579   0.07355        29       640    0.9232    0.9303    0.9474    0.6378    0.0247   0.02915  0.005605
   186/299     3.98G   0.03058   0.04155   0.00146    0.0736        38       640    0.9252    0.9287     0.947    0.6378    0.0247   0.02916  0.005611
   187/299     3.98G   0.03052   0.04152  0.001433   0.07347        29       640     0.925    0.9294    0.9468    0.6382    0.0247   0.02917  0.005614
   188/299     3.98G   0.03019   0.04194  0.001409   0.07354        39       640    0.9253    0.9293    0.9469    0.6379    0.0247   0.02917  0.005614
   189/299     3.98G   0.03122   0.04172  0.001446   0.07439        18       640    0.9255    0.9294    0.9468    0.6377    0.0247   0.02918  0.005613
   190/299     3.98G   0.03044   0.04112  0.001436     0.073        27       640    0.9257    0.9294    0.9471    0.6377    0.0247   0.02918  0.005613
   191/299     3.98G   0.03001   0.04145   0.00138   0.07284        19       640     0.926    0.9294    0.9466    0.6376   0.02469   0.02918  0.005616
   192/299     3.98G   0.02979   0.04204  0.001472    0.0733        21       640    0.9239    0.9319    0.9469    0.6379   0.02469   0.02919  0.005614
   193/299     3.98G   0.02981   0.04113  0.001348   0.07229        31       640     0.926    0.9299    0.9469    0.6376   0.02469   0.02919  0.005616
   194/299     3.98G   0.03056   0.04068  0.001426   0.07267        40       640    0.9265    0.9297    0.9469    0.6373   0.02469    0.0292  0.005616
   195/299     3.98G   0.02997   0.04107  0.001417   0.07246        16       640    0.9263    0.9307    0.9468    0.6371   0.02469    0.0292  0.005616
   196/299     3.98G   0.03012   0.04139  0.001309   0.07282        15       640     0.925    0.9321    0.9468    0.6369   0.02469   0.02921  0.005622
   197/299     3.98G   0.03006   0.04134  0.001354   0.07276        27       640     0.925    0.9323    0.9467    0.6368   0.02469   0.02922  0.005623
   198/299     3.98G   0.03035   0.04222  0.001328   0.07391        37       640    0.9262    0.9309    0.9467    0.6367   0.02469   0.02922  0.005624
   199/299     3.98G   0.02957   0.04065  0.001382    0.0716        59       640    0.9259    0.9311    0.9466    0.6369   0.02469   0.02922  0.005626
   200/299     3.98G   0.02977    0.0402  0.001295   0.07126        16       640     0.926    0.9314    0.9466     0.637   0.02468   0.02923  0.005629
   201/299     3.98G   0.02942    0.0408  0.001475   0.07169        22       640    0.9263    0.9306    0.9466     0.637   0.02468   0.02923  0.005632
   202/299     3.98G   0.03003   0.04042  0.001295   0.07174        21       640     0.927    0.9301    0.9466    0.6377   0.02468   0.02924  0.005636
   203/299     3.98G    0.0297   0.04127  0.001281   0.07225        25       640     0.926    0.9314    0.9466    0.6376   0.02468   0.02924  0.005639
   204/299     3.98G   0.03006   0.04092  0.001325    0.0723        31       640    0.9262    0.9306    0.9465    0.6374   0.02468   0.02925  0.005645
   205/299     3.98G   0.02983   0.04136  0.001356   0.07255        25       640    0.9266    0.9303    0.9465    0.6373   0.02468   0.02925  0.005649
   206/299     3.98G   0.03006   0.04064  0.001311   0.07201        32       640    0.9262    0.9308    0.9465    0.6375   0.02468   0.02925  0.005656
   207/299     3.98G   0.03006   0.04093   0.00129   0.07228        17       640    0.9264    0.9311    0.9464    0.6373   0.02468   0.02925  0.005659
   208/299     3.98G   0.03014   0.04083  0.001287   0.07226       101       640    0.9163    0.9412    0.9463    0.6371   0.02468   0.02925  0.005665
   209/299     3.98G   0.02983   0.04095  0.001346   0.07213        24       640    0.9259     0.931    0.9463    0.6373   0.02468   0.02926  0.005671
   210/299     3.98G   0.02955   0.04041  0.001294   0.07125        10       640    0.9162    0.9412    0.9463     0.637   0.02468   0.02926  0.005677
   211/299     3.98G   0.02942   0.04051  0.001345   0.07128        24       640    0.9158    0.9412    0.9462    0.6369   0.02468   0.02927  0.005682
   212/299     3.98G   0.02914   0.04044  0.001279   0.07086        28       640    0.9252    0.9309    0.9462    0.6368   0.02468   0.02927  0.005689
   213/299     3.98G   0.02936   0.03987  0.001217   0.07045        22       640    0.9255    0.9303    0.9461    0.6368   0.02468   0.02928  0.005695
   214/299     3.98G    0.0287   0.03995  0.001319   0.06997        23       640    0.9273    0.9286    0.9462    0.6364   0.02468   0.02928  0.005698
   215/299     3.98G   0.02926   0.03903  0.001351   0.06964        69       640    0.9256    0.9306    0.9461    0.6364   0.02468   0.02929  0.005704
   216/299     3.98G   0.02969   0.03987  0.001295   0.07085        17       640    0.9153    0.9412    0.9461    0.6365   0.02468   0.02929  0.005709
   217/299     3.98G   0.02923   0.04036  0.001238   0.07082        30       640    0.9248    0.9318     0.946    0.6363   0.02468    0.0293  0.005716
   218/299     3.98G    0.0291    0.0396   0.00131      0.07        17       640    0.9242    0.9323     0.946    0.6366   0.02467    0.0293   0.00572
   219/299     3.98G   0.02883   0.03991  0.001345   0.07008        28       640    0.9247    0.9324     0.946    0.6364   0.02467   0.02931  0.005724
   220/299     3.98G   0.02921    0.0403  0.001341   0.07086        31       640    0.9247    0.9324     0.946    0.6364   0.02467   0.02931  0.005728
   221/299     3.98G   0.02948   0.03981  0.001354   0.07064        22       640    0.9251    0.9323    0.9461    0.6366   0.02467   0.02932  0.005732
   222/299     3.98G   0.02881   0.03957   0.00133    0.0697        25       640    0.9251    0.9319     0.946    0.6366   0.02467   0.02932  0.005738
   223/299     3.98G   0.02935   0.04004  0.001326   0.07072        27       640    0.9253    0.9319    0.9461    0.6367   0.02467   0.02932  0.005741
   224/299     3.98G   0.02904    0.0398  0.001256   0.07009        28       640    0.9247    0.9322     0.946    0.6362   0.02467   0.02933  0.005746
   225/299     3.98G   0.02912   0.04017  0.001163   0.07046        41       640    0.9246    0.9332    0.9454    0.6362   0.02467   0.02934  0.005753
   226/299     3.98G   0.02878   0.03964  0.001281    0.0697        21       640    0.9246    0.9331     0.946    0.6363   0.02467   0.02934   0.00576
   227/299     3.98G   0.02899    0.0399  0.001245   0.07013        44       640    0.9248    0.9332     0.946    0.6359   0.02467   0.02934  0.005766
   228/299     3.98G    0.0289   0.03993  0.001195   0.07002        39       640    0.9246    0.9326    0.9461    0.6359   0.02467   0.02935  0.005769
   229/299     3.98G    0.0286   0.03971  0.001256   0.06957        17       640    0.9242     0.933    0.9461    0.6362   0.02468   0.02935  0.005772
   230/299     3.98G   0.02883   0.03919  0.001204   0.06922        17       640    0.9243    0.9333    0.9461    0.6362   0.02468   0.02936  0.005774
   231/299     3.98G   0.02945   0.03961  0.001324   0.07038        24       640    0.9235    0.9334     0.946    0.6361   0.02468   0.02937  0.005778
   232/299     3.98G   0.02815   0.03881  0.001233   0.06819        18       640    0.9239    0.9332     0.946    0.6361   0.02468   0.02937   0.00578
   233/299     3.98G   0.02814   0.03896  0.001259   0.06835        12       640    0.9238    0.9336     0.946    0.6361   0.02468   0.02937  0.005783
   234/299     3.98G   0.02866   0.04024  0.001231   0.07012        55       640    0.9238    0.9335    0.9456     0.636   0.02468   0.02938  0.005786
   235/299     3.98G    0.0291   0.04039  0.001169   0.07066        32       640    0.9159    0.9419    0.9458    0.6361   0.02469   0.02938  0.005787
   236/299     3.98G   0.02883   0.03915  0.001237   0.06922        38       640    0.9161    0.9413    0.9457    0.6363   0.02468   0.02939  0.005788
   237/299     3.98G   0.02849   0.03932  0.001243   0.06905        29       640    0.9238    0.9334    0.9457    0.6363   0.02468   0.02939  0.005788
   238/299     3.98G   0.02873   0.03929  0.001263   0.06928        32       640    0.9283    0.9288    0.9457     0.636   0.02469    0.0294  0.005789
   239/299     3.98G   0.02887    0.0391  0.001259   0.06923        41       640    0.9241    0.9334    0.9455    0.6359   0.02469    0.0294   0.00579
   240/299     3.98G   0.02905   0.03979  0.001276   0.07011        26       640    0.9241    0.9334    0.9455    0.6362   0.02469   0.02941  0.005791
   241/299     3.98G   0.02813   0.03971  0.001194   0.06904        25       640     0.927    0.9303    0.9455     0.636   0.02469   0.02941  0.005791
   242/299     3.98G   0.02851   0.03937  0.001235   0.06912        24       640     0.924    0.9334    0.9455    0.6362   0.02469   0.02942  0.005793
   243/299     3.98G   0.02854   0.03908  0.001203   0.06882        14       640    0.9236    0.9338    0.9454    0.6365   0.02469   0.02942  0.005795
   244/299     3.98G   0.02855   0.03885  0.001203   0.06861        28       640    0.9236     0.934    0.9454    0.6362   0.02469   0.02943    0.0058
   245/299     3.98G   0.02885   0.03882  0.001247   0.06891        23       640    0.9237    0.9341    0.9454    0.6363   0.02469   0.02943  0.005801
   246/299     3.98G   0.02835   0.03913  0.001172   0.06865        23       640    0.9248    0.9336    0.9454    0.6361   0.02469   0.02943  0.005803
   247/299     3.98G   0.02854   0.03995  0.001293   0.06978        26       640    0.9251    0.9335    0.9456    0.6366   0.02469   0.02944  0.005806
   248/299     3.98G   0.02815   0.03938  0.001186   0.06872        16       640    0.9249    0.9341    0.9457    0.6363   0.02469   0.02944  0.005808
   249/299     3.98G   0.02815    0.0384  0.001247    0.0678        21       640    0.9249    0.9334    0.9456    0.6367   0.02469   0.02945  0.005812
   250/299     3.98G   0.02825   0.03838  0.001238   0.06786        29       640     0.925    0.9332    0.9455    0.6366   0.02469   0.02945  0.005812
   251/299     3.98G   0.02798   0.03868  0.001216   0.06788        23       640    0.9244    0.9331    0.9456    0.6365   0.02469   0.02945  0.005814
   252/299     3.98G   0.02828   0.03892  0.001193   0.06839        50       640    0.9237    0.9333    0.9457    0.6367   0.02469   0.02946  0.005815
   253/299     3.98G   0.02784   0.03849  0.001157   0.06749        20       640    0.9236    0.9334    0.9457    0.6366   0.02469   0.02947  0.005816
   254/299     3.98G   0.02884   0.03927   0.00113   0.06924        15       640    0.9233    0.9334    0.9457    0.6367   0.02469   0.02947  0.005819
   255/299     3.98G   0.02862   0.03884  0.001135    0.0686        14       640    0.9225    0.9344    0.9456    0.6366   0.02469   0.02947  0.005824
   256/299     3.98G   0.02867   0.03912  0.001155   0.06895        21       640    0.9238    0.9333    0.9456    0.6371   0.02469   0.02948  0.005829
   257/299     3.98G   0.02748   0.03852  0.001184   0.06718        23       640    0.9228    0.9343    0.9456    0.6369   0.02469   0.02949  0.005834
   258/299     3.98G   0.02888   0.03838   0.00122   0.06848        25       640    0.9228    0.9343    0.9455    0.6367   0.02469   0.02949  0.005835
   259/299     3.98G   0.02775   0.03789  0.001222   0.06686        20       640    0.9241     0.933    0.9455    0.6366   0.02469   0.02949  0.005838
   260/299     3.98G   0.02889    0.0395  0.001184   0.06957        33       640    0.9235    0.9336    0.9454    0.6363   0.02469    0.0295  0.005841
   261/299     3.98G    0.0284   0.03802  0.001204   0.06762        25       640     0.924    0.9329    0.9455     0.637   0.02469    0.0295  0.005841
   262/299     3.98G   0.02834   0.03895  0.001115   0.06841        27       640    0.9241    0.9328    0.9455    0.6369   0.02469   0.02951  0.005844
   263/299     3.98G   0.02822   0.03876  0.001066   0.06805        40       640    0.9229    0.9336    0.9454    0.6366   0.02469   0.02952  0.005848
   264/299     3.98G   0.02822   0.03937  0.001083   0.06867        36       640    0.9244    0.9322    0.9453    0.6366   0.02469   0.02952  0.005851
   265/299     3.98G   0.02744   0.03778  0.001138   0.06636        28       640    0.9242    0.9327    0.9453    0.6367   0.02469   0.02952  0.005854
   266/299     3.98G   0.02776   0.03912  0.001124     0.068        23       640    0.9242    0.9327    0.9453    0.6367    0.0247   0.02953  0.005856
   267/299     3.98G   0.02823   0.03838  0.001091    0.0677        18       640    0.9243    0.9323    0.9454    0.6364    0.0247   0.02953   0.00586
   268/299     3.98G    0.0279    0.0377   0.00117   0.06677        41       640     0.924     0.932    0.9451    0.6363    0.0247   0.02954  0.005865
   269/299     3.98G   0.02698    0.0379  0.001039   0.06591        49       640    0.9232     0.932    0.9449    0.6362    0.0247   0.02954  0.005868
   270/299     3.98G   0.02728   0.03783  0.001083    0.0662        19       640     0.923    0.9315     0.945     0.636    0.0247   0.02955  0.005872
   271/299     3.98G   0.02744   0.03852  0.001087   0.06705        47       640    0.9136    0.9417     0.945    0.6363    0.0247   0.02955  0.005873
   272/299     3.98G   0.02802   0.03865  0.001097   0.06776        26       640    0.9137    0.9415     0.945    0.6363    0.0247   0.02955  0.005875
   273/299     3.98G   0.02742   0.03739  0.001127   0.06593        19       640    0.9161    0.9387     0.945    0.6363    0.0247   0.02956  0.005876
   274/299     3.98G   0.02794   0.03779  0.001053   0.06678        26       640     0.915    0.9395     0.945    0.6359    0.0247   0.02956  0.005879
   275/299     3.98G   0.02728    0.0377  0.001054   0.06603        14       640    0.9176    0.9366    0.9449    0.6361    0.0247   0.02957  0.005883
   276/299     3.98G   0.02831   0.03848  0.001124   0.06791        25       640    0.9179    0.9365     0.945    0.6361    0.0247   0.02958  0.005886
   277/299     3.98G   0.02753   0.03814  0.001051   0.06672        28       640    0.9157    0.9388    0.9448    0.6358   0.02471   0.02958  0.005889
   278/299     3.98G   0.02817   0.03824  0.001186    0.0676        24       640    0.9157    0.9388    0.9448    0.6359   0.02471   0.02959  0.005891
   279/299     3.98G   0.02772   0.03761  0.001164    0.0665        26       640     0.914    0.9403    0.9448    0.6363   0.02471   0.02959  0.005894
   280/299     3.98G   0.02661   0.03772 0.0009969   0.06533        35       640    0.9157    0.9385    0.9447    0.6363   0.02471    0.0296  0.005894
   281/299     3.98G   0.02767   0.03828   0.00115    0.0671        21       640    0.9145    0.9398    0.9447    0.6361   0.02471    0.0296  0.005893
   282/299     3.98G   0.02677   0.03753  0.001094   0.06539        34       640    0.9146    0.9398    0.9446    0.6363   0.02471   0.02961  0.005895
   283/299     3.98G   0.02805   0.03876  0.001135   0.06794        27       640    0.9141    0.9412    0.9447    0.6368   0.02472   0.02961  0.005896
   284/299     3.98G   0.02796   0.03775  0.001083   0.06679        36       640    0.9146    0.9399    0.9446    0.6363   0.02472   0.02962  0.005898
   285/299     3.98G   0.02758   0.03812  0.001122   0.06683        32       640    0.9219    0.9323    0.9445    0.6357   0.02472   0.02963  0.005898
   286/299     3.98G   0.02792   0.03822  0.001045   0.06719        24       640    0.9219    0.9323    0.9445    0.6357   0.02472   0.02963    0.0059
   287/299     3.98G   0.02763   0.03856  0.001083   0.06727        38       640    0.9219    0.9323    0.9445    0.6358   0.02473   0.02964  0.005902
   288/299     3.98G   0.02737   0.03751  0.001094   0.06597        28       640    0.9219    0.9323    0.9446    0.6355   0.02473   0.02965  0.005905
   289/299     3.98G   0.02707   0.03765  0.001117   0.06583        23       640    0.9221    0.9323    0.9446    0.6355   0.02473   0.02965  0.005908
   290/299     3.98G   0.02799   0.03767  0.001093   0.06675        19       640    0.9222    0.9325    0.9446    0.6355   0.02473   0.02965   0.00591
   291/299     3.98G   0.02782   0.03798  0.001084   0.06689        17       640     0.922    0.9325    0.9445    0.6356   0.02473   0.02966  0.005913
   292/299     3.98G   0.02712   0.03663  0.001106   0.06485        27       640    0.9218    0.9326    0.9445    0.6355   0.02474   0.02966  0.005917
   293/299     3.98G   0.02774   0.03784  0.001147   0.06673        23       640     0.922    0.9323    0.9446    0.6356   0.02474   0.02967  0.005922
   294/299     3.98G   0.02799   0.03866  0.001054    0.0677        34       640    0.9221    0.9323    0.9444    0.6355   0.02474   0.02967  0.005924
   295/299     3.98G   0.02741   0.03792   0.00113   0.06646        48       640    0.9221    0.9323    0.9444     0.635   0.02474   0.02968  0.005928
   296/299     3.98G    0.0281   0.03858  0.001021    0.0677        47       640    0.9221    0.9323    0.9443    0.6352   0.02475   0.02968  0.005933
   297/299     3.98G   0.02701   0.03722 0.0009621   0.06518        63       640    0.9221    0.9323    0.9441    0.6352   0.02475   0.02969  0.005938
   298/299     3.98G   0.02746   0.03827  0.001043   0.06678        38       640    0.9229    0.9322    0.9441    0.6348   0.02475   0.02969  0.005943
   299/299     3.98G   0.02748   0.03781  0.001092   0.06638        25       640    0.9229    0.9321    0.9441    0.6349   0.02476    0.0297  0.005949
