     0/299     5.28G   0.09709   0.03547   0.02263    0.1552        53       640  0.001787    0.1732 0.0003458 5.471e-05   0.08614   0.02443   0.02221
     1/299     5.91G   0.08714   0.03898   0.01919    0.1453        19       640   0.04864    0.1268   0.02488  0.005766   0.06848   0.02862   0.01974
     2/299     5.91G    0.0757   0.03569   0.01403    0.1254        23       640     0.305    0.4412    0.2778   0.06432   0.06476    0.0285   0.01711
     3/299     5.91G   0.06878   0.03083   0.01081    0.1104        19       640    0.4863    0.5038     0.399    0.1353   0.05544   0.01885   0.01257
     4/299     5.91G     0.061   0.02758  0.009293   0.09787        17       640    0.4717    0.4459    0.3944    0.1631   0.04706   0.01969   0.01605
     5/299     5.91G   0.05469   0.02573  0.008159   0.08859        21       640    0.7587    0.6838    0.7546      0.38   0.03955   0.01475   0.01167
     6/299     5.91G   0.04957   0.02431  0.007053   0.08094        24       640    0.7935    0.7451    0.7758     0.342   0.04144   0.01373   0.01088
     7/299     5.91G   0.04622   0.02296  0.006459   0.07564        21       640    0.8899    0.8049    0.8733    0.5022   0.03348   0.01207  0.006982
     8/299     5.91G   0.04442   0.02212  0.006157    0.0727        19       640    0.8843    0.8431    0.8926    0.5315   0.03205   0.01152  0.006035
     9/299     5.91G   0.04347   0.02192  0.006011    0.0714        33       640    0.8558    0.7188    0.8292    0.4743   0.03444    0.0127  0.008752
    10/299     5.91G   0.04185   0.02112  0.004999   0.06797        34       640    0.8571    0.7968    0.8656    0.5077   0.03224   0.01143   0.01057
    11/299     5.91G   0.04119   0.02089  0.005342   0.06743        21       640    0.9131    0.8573    0.9098    0.5364   0.03057   0.01161  0.005699
    12/299     5.91G   0.04045   0.02058  0.004751   0.06578        19       640    0.9006    0.8645    0.9088    0.5516   0.02975   0.01087  0.006249
    13/299     5.91G   0.03931   0.02017  0.004943   0.06443        20       640    0.9097    0.8538    0.9092    0.5569   0.02984   0.01101  0.005935
    14/299     5.91G   0.03898   0.02033  0.004578   0.06389        29       640    0.9202    0.8618    0.9107    0.5767   0.02851   0.01115  0.005452
    15/299     5.91G   0.03873   0.01975  0.004367   0.06285        27       640    0.9134    0.8657    0.9146    0.5427   0.03016   0.01109   0.00599
    16/299     5.91G   0.03792   0.01989  0.004341   0.06215        36       640    0.9154     0.872    0.9164    0.5581   0.02996   0.01066  0.005823
    17/299     5.91G   0.03762   0.01956  0.004072   0.06125        35       640    0.9167    0.9028    0.9271     0.588   0.02798   0.01058  0.004961
    18/299     5.91G   0.03767   0.01944  0.003798    0.0609        21       640    0.9268    0.8756    0.9288    0.5926   0.02768   0.01034  0.005257
    19/299     5.91G   0.03648   0.01869  0.003864   0.05903        22       640    0.9257    0.8779    0.9246    0.5916   0.02804   0.01053  0.006155
    20/299     5.91G    0.0371   0.01917  0.003836   0.06011        20       640     0.911       0.9    0.9275    0.5915   0.02766   0.01037  0.005251
    21/299     5.91G    0.0363   0.01881  0.003803   0.05892        17       640    0.9258    0.8976    0.9286    0.5947   0.02746   0.01035  0.005404
    22/299     5.91G   0.03611   0.01852  0.003752   0.05838        24       640     0.937    0.8666    0.9264    0.5961   0.02747   0.01048  0.005555
    23/299     5.91G   0.03588   0.01875  0.003563    0.0582        36       640    0.9208    0.9123    0.9371    0.6039   0.02702   0.01012  0.005329
    24/299     5.91G   0.03591   0.01863  0.003471   0.05801        31       640    0.9121    0.8998    0.9302    0.5941   0.02734   0.01061  0.005583
    25/299     5.91G   0.03548   0.01843  0.003647   0.05756        15       640      0.93    0.8964    0.9354    0.6104   0.02674   0.01003  0.005116
    26/299     5.91G   0.03493    0.0183  0.003633   0.05686        32       640    0.9253    0.9005    0.9352    0.6086   0.02683   0.01003  0.005276
    27/299     5.91G   0.03492   0.01828  0.003447   0.05665        19       640    0.9234    0.8984    0.9333    0.6052   0.02656   0.01006  0.006006
    28/299     5.91G   0.03464   0.01807  0.003218   0.05593        25       640    0.9238    0.9072    0.9368    0.6206   0.02634   0.01012  0.005497
    29/299     5.91G   0.03471    0.0182  0.003394    0.0563        66       640    0.9266    0.8908    0.9317    0.6046   0.02679    0.0102  0.005535
    30/299     5.91G   0.03465   0.01821  0.003324   0.05618        33       640    0.9143    0.8977    0.9327    0.6082   0.02695   0.01003  0.005309
    31/299     5.91G   0.03436   0.01819  0.003187   0.05574        26       640    0.9293    0.9066    0.9418    0.6217   0.02655  0.009754   0.00499
    32/299     5.91G    0.0336   0.01755  0.003287   0.05444        34       640    0.9236    0.9104      0.94    0.6179   0.02627  0.009807  0.005165
    33/299     5.91G   0.03388   0.01787  0.003124   0.05488        21       640    0.9274    0.9142    0.9394    0.6081   0.02665  0.009993  0.005083
    34/299     5.91G   0.03385   0.01768  0.003321   0.05485        15       640    0.9295    0.9104    0.9431    0.6247   0.02587  0.009752  0.004835
    35/299     5.91G   0.03362   0.01762  0.003119   0.05437        17       640    0.9256    0.9124    0.9395    0.6213   0.02662  0.009801  0.005326
    36/299     5.91G   0.03334   0.01777  0.002938   0.05404        33       640    0.9197    0.9104    0.9361    0.6097   0.02656   0.00989  0.005778
    37/299     5.91G   0.03289    0.0175  0.003179   0.05357        34       640    0.9287    0.9074    0.9405    0.6259   0.02572  0.009801  0.005088
    38/299     5.91G   0.03349   0.01728   0.00303    0.0538        31       640    0.9246    0.9202    0.9422    0.6255   0.02558  0.009676  0.005204
    39/299     5.91G     0.033   0.01736  0.002967   0.05332        21       640    0.9374    0.8963    0.9386    0.6225   0.02609  0.009843  0.005185
    40/299     5.91G   0.03313   0.01767  0.002988   0.05379        33       640     0.924    0.9173    0.9417    0.6287   0.02591  0.009879  0.004918
    41/299     5.91G   0.03281   0.01711  0.003028   0.05294        18       640    0.9293    0.9155    0.9427    0.6269   0.02567  0.009568  0.005056
    42/299     5.91G   0.03259   0.01696  0.002843    0.0524        30       640    0.9365    0.9203    0.9495    0.6325   0.02579  0.009641  0.004949
    43/299     5.91G   0.03304    0.0178  0.002864   0.05371        56       640    0.9288    0.9175    0.9422    0.6269    0.0256  0.009706  0.005335
    44/299     5.91G   0.03239   0.01732  0.002674   0.05238        25       640    0.9261    0.9235    0.9458    0.6284   0.02548  0.009659  0.005209
    45/299     5.91G   0.03252   0.01707  0.002686   0.05227        32       640    0.9229    0.9227     0.944    0.6268   0.02558  0.009608  0.005486
    46/299     5.91G   0.03224   0.01694  0.002695   0.05188        25       640    0.9336    0.9181    0.9421    0.6235   0.02544  0.009811  0.005508
    47/299     5.91G   0.03302   0.01714   0.00287   0.05303        20       640    0.9276    0.9178    0.9456    0.6338   0.02546  0.009603  0.005286
    48/299     5.91G   0.03203   0.01738  0.002762   0.05217        23       640    0.9284    0.9232    0.9467    0.6321   0.02566  0.009661  0.005111
    49/299     5.91G   0.03179   0.01689  0.002605   0.05128        18       640    0.9331    0.9135    0.9453    0.6301   0.02555  0.009607   0.00505
    50/299     5.91G   0.03202    0.0165  0.002854   0.05137        25       640    0.9265    0.9182     0.946    0.6325   0.02564  0.009581  0.005211
    51/299     5.91G   0.03183   0.01689  0.002763   0.05148        28       640    0.9381    0.9115    0.9461    0.6279   0.02529  0.009705  0.004986
    52/299     5.91G   0.03139   0.01662  0.002616   0.05063        25       640    0.9316    0.9246    0.9465    0.6336   0.02535  0.009525  0.005367
    53/299     5.91G    0.0319   0.01703  0.002489   0.05142        26       640    0.9318     0.924     0.948    0.6413   0.02502  0.009562  0.005015
    54/299     5.91G   0.03211   0.01677  0.002518   0.05141        24       640     0.933    0.9198    0.9477    0.6334   0.02506  0.009491  0.005217
    55/299     5.91G   0.03173   0.01672   0.00247   0.05091        30       640    0.9312    0.9272     0.949    0.6376   0.02502   0.00954  0.005243
    56/299     5.91G    0.0314    0.0165  0.002615   0.05051        25       640    0.9258    0.9267    0.9484    0.6418    0.0247  0.009438  0.005388
    57/299     5.91G   0.03165   0.01691  0.002477   0.05103        34       640    0.9305    0.9162    0.9438    0.6393    0.0251  0.009478  0.005655
    58/299     5.91G   0.03129   0.01646  0.002388   0.05014        24       640    0.9234    0.9257    0.9497     0.639   0.02522  0.009647  0.005419
    59/299     5.91G    0.0311   0.01672  0.002281    0.0501        27       640    0.9256    0.9301    0.9489    0.6334   0.02543  0.009638   0.00549
    60/299     5.91G   0.03223   0.01677  0.002453   0.05145        40       640    0.9278     0.924    0.9498    0.6427   0.02487  0.009424  0.005284
    61/299     5.91G   0.03146   0.01687  0.002263   0.05059        26       640    0.9346    0.9241    0.9501    0.6391   0.02506  0.009498  0.005236
    62/299     5.91G   0.03177   0.01678  0.002422   0.05098        75       640    0.9409    0.9212    0.9526    0.6429   0.02497  0.009504   0.00518
    63/299     5.91G   0.03116    0.0166  0.002253   0.05002        21       640    0.9413    0.9248    0.9496    0.6394   0.02485  0.009441  0.004976
    64/299     5.91G   0.03125   0.01681  0.002301   0.05037        40       640    0.9313    0.9274    0.9488    0.6402   0.02503  0.009477  0.005104
    65/299     5.91G   0.03079   0.01636  0.002479   0.04963        18       640    0.9294    0.9276    0.9502    0.6473   0.02488  0.009367  0.005016
    66/299     5.91G   0.03052   0.01634  0.002329   0.04918        26       640    0.9346    0.9269    0.9498     0.643   0.02492  0.009422    0.0052
    67/299     5.91G   0.03079   0.01648  0.002341   0.04961        19       640    0.9255    0.9323     0.951    0.6415   0.02479  0.009399  0.005237
    68/299     5.91G   0.03098   0.01646  0.002329   0.04977        43       640    0.9308    0.9279    0.9493    0.6379   0.02495  0.009535  0.005345
    69/299     5.91G   0.03061   0.01623  0.002192   0.04903        19       640    0.9369    0.9253    0.9517    0.6412   0.02485  0.009445  0.005177
    70/299     5.91G   0.03081   0.01632  0.002497   0.04963        25       640    0.9415    0.9177    0.9498    0.6432   0.02506  0.009459   0.00528
    71/299     5.91G   0.03096   0.01624  0.002409   0.04961        17       640    0.9318     0.925    0.9486    0.6416   0.02464  0.009446   0.00515
    72/299     5.91G   0.03009   0.01631  0.002117   0.04852        26       640    0.9286    0.9329    0.9498    0.6406   0.02476  0.009419  0.005129
    73/299     5.91G    0.0302     0.016  0.002346   0.04854        32       640    0.9307    0.9297    0.9505    0.6446   0.02474  0.009423  0.005512
    74/299     5.91G   0.03056   0.01612  0.002231   0.04892        24       640    0.9356     0.925    0.9509    0.6428   0.02491  0.009416  0.005322
    75/299     5.91G   0.03049   0.01612  0.002227   0.04883        28       640    0.9344    0.9232    0.9519    0.6484   0.02455   0.00936  0.005382
    76/299     5.91G   0.03047   0.01589  0.002202   0.04857        72       640    0.9317     0.927    0.9512    0.6484   0.02466  0.009351  0.005321
    77/299     5.91G   0.03027   0.01625  0.002272   0.04879        18       640    0.9336    0.9266    0.9516    0.6499    0.0246   0.00936  0.005188
    78/299     5.91G   0.02999    0.0159   0.00219   0.04807        53       640    0.9432    0.9163    0.9495    0.6463   0.02462  0.009368   0.00537
    79/299     5.91G   0.03014   0.01611  0.002111   0.04837        20       640     0.923    0.9351    0.9503    0.6467   0.02445  0.009483  0.005494
    80/299     5.91G   0.03021   0.01642  0.002003   0.04864        36       640    0.9309    0.9325    0.9521    0.6452   0.02462  0.009432  0.005329
    81/299     5.91G   0.03032   0.01585  0.002156   0.04833        26       640    0.9398    0.9208    0.9523    0.6474   0.02448  0.009392  0.005457
    82/299     5.91G   0.03003   0.01587  0.002074   0.04798        30       640    0.9282    0.9311    0.9513    0.6462   0.02436   0.00942  0.005264
    83/299     5.91G    0.0298    0.0158  0.002232   0.04783        20       640    0.9341      0.93    0.9529    0.6481   0.02449  0.009434  0.005184
    84/299     5.91G   0.02976   0.01581   0.00207   0.04764        26       640     0.933    0.9299    0.9521    0.6474   0.02449  0.009425  0.005342
    85/299     5.91G   0.02978   0.01621  0.002366   0.04836        24       640    0.9314    0.9293    0.9521    0.6499   0.02431   0.00935  0.005196
    86/299     5.91G   0.02958   0.01556  0.002169   0.04731        25       640    0.9344    0.9315    0.9538    0.6531   0.02444  0.009346   0.00517
    87/299     5.91G   0.02943   0.01587  0.002003   0.04731        24       640    0.9377    0.9283    0.9541    0.6521   0.02427  0.009394  0.005059
    88/299     5.91G   0.02932   0.01597  0.001957   0.04724        36       640    0.9295    0.9365    0.9517    0.6515   0.02429  0.009382  0.005115
    89/299     5.91G   0.02957   0.01561  0.002187   0.04737        20       640    0.9459    0.9184     0.952    0.6501    0.0243  0.009374  0.005009
    90/299     5.91G    0.0295   0.01584  0.002129   0.04747        21       640    0.9304    0.9321    0.9532     0.651   0.02431  0.009358  0.005109
    91/299     5.91G   0.02931   0.01567   0.00166   0.04664        23       640    0.9317    0.9331    0.9525    0.6489   0.02425   0.00933  0.005304
    92/299     5.91G   0.02966   0.01546  0.001963   0.04709        22       640    0.9364    0.9317    0.9512    0.6498   0.02428  0.009377  0.005155
    93/299     5.91G   0.02973   0.01598  0.002043   0.04775        17       640    0.9354    0.9298    0.9499    0.6472   0.02435  0.009412  0.005277
    94/299     5.91G   0.02956   0.01584  0.001726   0.04712        25       640    0.9363    0.9322    0.9516    0.6505    0.0242  0.009397    0.0051
    95/299     5.91G   0.02915   0.01533  0.002194   0.04667        24       640    0.9344    0.9358    0.9519    0.6519   0.02419  0.009353  0.005048
    96/299     5.91G    0.0293   0.01566  0.002194   0.04715        23       640    0.9353    0.9339    0.9508    0.6501   0.02427  0.009327  0.005182
    97/299     5.91G   0.02965   0.01598  0.002018   0.04765        39       640    0.9358    0.9319    0.9509    0.6523   0.02428  0.009352  0.005166
    98/299     5.91G   0.02946   0.01582  0.001906   0.04719        21       640     0.929    0.9411    0.9524    0.6523   0.02419  0.009337  0.005165
    99/299     5.91G   0.02919   0.01555  0.001873   0.04662        43       640    0.9379    0.9285    0.9519    0.6541   0.02418  0.009359  0.005141
   100/299     5.91G    0.0291   0.01608  0.001798   0.04698        85       640    0.9408    0.9272     0.953    0.6555   0.02407  0.009364  0.005212
   101/299     5.91G    0.0294   0.01558  0.002001   0.04698        26       640    0.9344    0.9331    0.9512    0.6522   0.02414  0.009393  0.005297
   102/299     5.91G   0.02905   0.01534  0.001854   0.04625        27       640    0.9345    0.9325    0.9515    0.6524   0.02415   0.00935  0.005202
   103/299     5.91G   0.02917   0.01556  0.001858   0.04658        28       640     0.936    0.9334    0.9524    0.6522   0.02409   0.00938  0.005216
   104/299     5.91G   0.02884    0.0157  0.001837   0.04638        34       640    0.9282    0.9389    0.9515    0.6527   0.02406  0.009369  0.005288
   105/299     5.91G   0.02889   0.01535  0.001672   0.04592        22       640    0.9259    0.9405    0.9511    0.6521   0.02411  0.009371  0.005262
   106/299     5.91G   0.02843   0.01532  0.002017   0.04577        30       640    0.9323    0.9339     0.952    0.6513   0.02421   0.00938  0.005301
   107/299     5.91G   0.02894   0.01545  0.001877   0.04626        53       640    0.9325    0.9333    0.9526    0.6542   0.02415  0.009367  0.005366
   108/299     5.91G   0.02933   0.01571  0.001924   0.04696        32       640    0.9327    0.9354    0.9534    0.6551   0.02412  0.009373  0.005396
   109/299     5.91G   0.02879   0.01539  0.001732   0.04591        37       640    0.9368    0.9326    0.9537     0.654   0.02408  0.009384  0.005353
   110/299     5.91G   0.02855   0.01546  0.001689   0.04569        24       640    0.9428     0.925    0.9527    0.6543   0.02408  0.009386  0.005415
   111/299     5.91G   0.02877   0.01561  0.001884   0.04626        17       640     0.935    0.9331    0.9517    0.6528   0.02411  0.009413  0.005434
   112/299     5.91G    0.0284   0.01513  0.001699   0.04523        34       640    0.9376    0.9307    0.9519    0.6543   0.02407  0.009398  0.005508
   113/299     5.91G   0.02855   0.01524  0.001885   0.04567        26       640     0.937    0.9338    0.9517    0.6522   0.02409  0.009415  0.005461
   114/299     5.91G   0.02874   0.01576  0.001751   0.04625        31       640    0.9298    0.9385    0.9522    0.6545   0.02404  0.009391  0.005442
   115/299     5.91G   0.02819   0.01494  0.001794   0.04493        28       640    0.9324    0.9347    0.9517    0.6534   0.02406  0.009398  0.005423
   116/299     5.91G   0.02828   0.01531  0.001791   0.04538        27       640    0.9388    0.9307    0.9525    0.6546   0.02402  0.009396  0.005396
   117/299     5.91G    0.0285   0.01507   0.00167   0.04525        18       640    0.9357    0.9321    0.9522    0.6548   0.02397  0.009384  0.005512
   118/299     5.91G   0.02814   0.01491  0.001939   0.04499        28       640    0.9303    0.9362    0.9529    0.6537   0.02397  0.009386  0.005469
   119/299     5.91G    0.0281   0.01512  0.001956   0.04517        21       640    0.9293     0.938    0.9524    0.6532   0.02399  0.009408  0.005478
   120/299     5.91G   0.02838   0.01536  0.001718   0.04547        57       640    0.9312    0.9372    0.9526    0.6532     0.024  0.009413  0.005486
   121/299     5.91G   0.02806   0.01497  0.001866    0.0449        77       640    0.9321    0.9375    0.9523     0.654   0.02403  0.009412  0.005431
   122/299     5.91G     0.028   0.01499  0.001724   0.04472        35       640    0.9287    0.9406    0.9526    0.6543   0.02406  0.009427  0.005432
   123/299     5.91G   0.02812   0.01498  0.001504    0.0446        31       640    0.9287    0.9389    0.9523    0.6538   0.02412  0.009443   0.00549
   124/299     5.91G   0.02793   0.01511  0.001767    0.0448        22       640    0.9309    0.9377    0.9526    0.6537   0.02414  0.009442  0.005475
   125/299     5.91G   0.02788   0.01501  0.001808   0.04469        74       640    0.9349    0.9339    0.9526    0.6546   0.02414  0.009453  0.005483
   126/299     5.91G   0.02812   0.01512  0.001595   0.04483        36       640     0.932    0.9372    0.9516    0.6533    0.0241  0.009458  0.005495
   127/299     5.91G    0.0279   0.01522  0.001535   0.04465        21       640    0.9416    0.9276    0.9524    0.6543   0.02405  0.009451  0.005514
   128/299     5.91G   0.02784   0.01499  0.001622   0.04445        30       640    0.9375    0.9322     0.953    0.6555   0.02403  0.009437  0.005558
   129/299     5.91G   0.02836    0.0152  0.001863   0.04542        38       640    0.9354     0.933    0.9521    0.6546   0.02404  0.009441  0.005555
   130/299     5.91G   0.02802   0.01536  0.001664   0.04504        24       640    0.9309    0.9361     0.952    0.6549   0.02403  0.009433  0.005552
   131/299     5.91G   0.02788   0.01512  0.001701    0.0447        37       640    0.9352    0.9312    0.9517    0.6549   0.02399  0.009443  0.005561
   132/299     5.91G   0.02754   0.01503  0.001621   0.04419        16       640    0.9368     0.929    0.9518    0.6547   0.02399  0.009453   0.00552
   133/299     5.91G   0.02758   0.01492  0.001766   0.04426        27       640    0.9329    0.9332    0.9517    0.6547   0.02398  0.009456  0.005534
   134/299     5.91G   0.02774   0.01506  0.001714   0.04451        22       640    0.9341     0.932    0.9519    0.6551     0.024  0.009456  0.005554
   135/299     5.91G   0.02752   0.01478  0.001529   0.04383        23       640    0.9356     0.931    0.9524     0.655     0.024   0.00945  0.005542
   136/299     5.91G   0.02738   0.01503  0.001436   0.04385        33       640    0.9353    0.9331    0.9525     0.655   0.02402  0.009446  0.005553
   137/299     5.91G   0.02747    0.0149  0.001659   0.04403        32       640     0.937    0.9302    0.9523    0.6549   0.02403  0.009458  0.005529
   138/299     5.91G   0.02739   0.01471  0.001563   0.04366        33       640    0.9326    0.9355    0.9518    0.6546   0.02404  0.009459  0.005534
   139/299     5.91G     0.027   0.01462  0.001435   0.04305        24       640    0.9329    0.9359    0.9519    0.6546   0.02403  0.009457  0.005572
   140/299     5.91G   0.02719   0.01488  0.001536   0.04361        22       640    0.9357    0.9341    0.9522    0.6548   0.02404  0.009456  0.005565
   141/299     5.91G   0.02709   0.01498  0.001586   0.04365        24       640    0.9363    0.9338    0.9521    0.6551   0.02407  0.009459  0.005563
   142/299     5.91G   0.02743   0.01454  0.001627    0.0436        27       640    0.9361    0.9348    0.9517    0.6551    0.0241  0.009464  0.005578
   143/299     5.91G   0.02728   0.01483  0.001515   0.04363        29       640     0.936    0.9355    0.9511     0.655   0.02412  0.009466  0.005589
   144/299     5.91G   0.02687   0.01459  0.001543     0.043        15       640     0.937    0.9343    0.9508    0.6548   0.02414  0.009472  0.005597
   145/299     5.91G   0.02716   0.01457  0.001586   0.04332        22       640    0.9366    0.9353    0.9501    0.6548   0.02414  0.009474  0.005619
   146/299     5.91G   0.02741   0.01461  0.001498   0.04351        28       640    0.9355    0.9367    0.9505    0.6554   0.02414  0.009472  0.005611
   147/299     5.91G    0.0272    0.0146  0.001662   0.04346        27       640    0.9348    0.9372    0.9511    0.6546   0.02415  0.009474  0.005615
   148/299     5.91G   0.02754   0.01501  0.001602   0.04415        40       640    0.9395    0.9321    0.9506     0.655   0.02415  0.009476  0.005629
   149/299     5.91G   0.02727   0.01462  0.001581   0.04348        41       640    0.9334    0.9368    0.9508    0.6553   0.02413  0.009477  0.005625
   150/299     5.91G   0.02682   0.01445  0.001636   0.04291        22       640    0.9336     0.936    0.9514    0.6555   0.02412  0.009475  0.005633
   151/299     5.91G   0.02676   0.01456  0.001537   0.04286        35       640    0.9348    0.9353    0.9511    0.6557   0.02411  0.009475  0.005638
   152/299     5.91G   0.02706    0.0147   0.00158   0.04334        26       640     0.938    0.9315    0.9513    0.6554   0.02411  0.009478  0.005649
   153/299     5.91G   0.02672    0.0144  0.001518   0.04264        30       640    0.9402    0.9297    0.9508    0.6553   0.02411  0.009471  0.005659
   154/299     5.91G   0.02662   0.01472  0.001518   0.04285        29       640    0.9404    0.9294    0.9507    0.6556   0.02411  0.009473  0.005639
   155/299     5.91G   0.02724   0.01461  0.001555    0.0434        31       640    0.9402    0.9296    0.9507    0.6561   0.02409  0.009472  0.005629
   156/299     5.91G   0.02673   0.01431  0.001463   0.04251        27       640    0.9403      0.93    0.9512    0.6565   0.02408  0.009472  0.005611
   157/299     5.91G   0.02684   0.01475  0.001535   0.04312        26       640    0.9326    0.9379    0.9512    0.6563   0.02407  0.009474  0.005603
   158/299     5.91G   0.02611   0.01421  0.001368   0.04169        22       640    0.9353    0.9346    0.9512     0.656   0.02406  0.009474  0.005593
   159/299     5.91G   0.02679   0.01434  0.001442   0.04258        42       640    0.9348    0.9352    0.9516    0.6562   0.02404  0.009476  0.005585
   160/299     5.91G   0.02654   0.01457  0.001364   0.04247        20       640    0.9351    0.9354    0.9519    0.6565   0.02404  0.009479  0.005581
   161/299     5.91G   0.02685   0.01461  0.001327   0.04278        22       640    0.9356    0.9354    0.9516    0.6566   0.02404  0.009477  0.005573
   162/299     5.91G   0.02618   0.01404  0.001391   0.04161        14       640    0.9346    0.9366    0.9518    0.6565   0.02403  0.009478  0.005575
   163/299     5.91G   0.02639   0.01445  0.001421   0.04227        47       640    0.9351    0.9364    0.9516    0.6568   0.02403  0.009478  0.005565
   164/299     5.91G   0.02665   0.01435  0.001275   0.04228        56       640    0.9348    0.9363    0.9514    0.6563   0.02403  0.009479  0.005567
   165/299     5.91G   0.02667   0.01439  0.001539   0.04259        18       640     0.935    0.9361    0.9515    0.6564   0.02404  0.009481  0.005562
   166/299     5.91G   0.02655   0.01422  0.001405   0.04218        26       640    0.9354    0.9364    0.9515    0.6565   0.02404  0.009484  0.005567
   167/299     5.91G   0.02641   0.01423  0.001313   0.04195        24       640    0.9318    0.9403    0.9516    0.6564   0.02405  0.009488  0.005569
   168/299     5.91G   0.02621   0.01414  0.001261   0.04161        28       640    0.9325    0.9402    0.9516     0.656   0.02406  0.009491  0.005576
   169/299     5.91G    0.0261   0.01421  0.001398   0.04171        28       640     0.933    0.9403    0.9518    0.6557   0.02406  0.009494  0.005579
   170/299     5.91G   0.02599   0.01393  0.001229   0.04115        19       640    0.9331    0.9403    0.9522    0.6566   0.02406  0.009499  0.005594
   171/299     5.91G   0.02616   0.01407   0.00128   0.04151        35       640    0.9324    0.9412    0.9521    0.6561   0.02406  0.009502  0.005595
   172/299     5.91G   0.02581   0.01392  0.001384   0.04111        14       640    0.9332    0.9404    0.9519    0.6558   0.02406  0.009507  0.005599
   173/299     5.91G   0.02575   0.01417  0.001338   0.04126        17       640    0.9334    0.9402    0.9519     0.656   0.02406   0.00951  0.005604
   174/299     5.91G    0.0258   0.01425  0.001272   0.04132        20       640    0.9313    0.9421    0.9519    0.6561   0.02406  0.009512  0.005617
   175/299     5.91G    0.0258   0.01408  0.001286   0.04117        29       640    0.9316    0.9418    0.9517    0.6563   0.02407  0.009514  0.005623
   176/299     5.91G   0.02593   0.01403   0.00122   0.04118        13       640    0.9316    0.9421    0.9517    0.6565   0.02407  0.009518  0.005623
   177/299     5.91G   0.02583   0.01429  0.001292   0.04141        22       640    0.9315    0.9421    0.9515    0.6567   0.02408  0.009522  0.005625
   178/299     5.91G   0.02613   0.01448  0.001292    0.0419        26       640    0.9324    0.9413    0.9515    0.6567   0.02408  0.009524  0.005624
   179/299     5.91G   0.02554   0.01405  0.001457   0.04104        58       640    0.9321    0.9413    0.9516    0.6564   0.02409  0.009526  0.005625
   180/299     5.91G    0.0259   0.01411  0.001186   0.04119        31       640    0.9327    0.9411    0.9517    0.6563   0.02409  0.009528   0.00563
   181/299     5.91G   0.02588   0.01431  0.001292   0.04148        35       640    0.9332    0.9411    0.9517    0.6564   0.02409   0.00953  0.005637
   182/299     5.91G    0.0257   0.01405  0.001428   0.04117        22       640    0.9332    0.9411    0.9517    0.6559   0.02409  0.009531  0.005641
   183/299     5.91G   0.02561   0.01402  0.001198   0.04083        23       640    0.9329    0.9411    0.9516    0.6558   0.02409  0.009534  0.005642
   184/299     5.91G   0.02585   0.01399  0.001181   0.04102        31       640    0.9329    0.9418    0.9518    0.6556   0.02409  0.009535  0.005645
   185/299     5.91G   0.02568   0.01397  0.001291   0.04094        19       640    0.9321    0.9421    0.9516     0.655   0.02409  0.009538  0.005644
   186/299     5.91G   0.02576   0.01405  0.001429   0.04125        37       640    0.9329    0.9416    0.9515    0.6548   0.02409   0.00954  0.005642
   187/299     5.91G   0.02535   0.01401  0.001222   0.04058        28       640    0.9343    0.9403    0.9514    0.6551   0.02409  0.009543  0.005649
   188/299     5.91G   0.02556   0.01379  0.001244    0.0406        59       640    0.9341    0.9402    0.9514    0.6549    0.0241  0.009546  0.005652
   189/299     5.91G   0.02534   0.01384  0.001247   0.04043        22       640    0.9332    0.9416    0.9509    0.6548    0.0241  0.009549  0.005652
   190/299     5.91G   0.02559   0.01366  0.001286   0.04053        13       640    0.9331    0.9416    0.9508    0.6546    0.0241  0.009552  0.005651
   191/299     5.91G    0.0252   0.01367  0.001194   0.04006        38       640    0.9333    0.9413    0.9509    0.6542    0.0241  0.009554  0.005655
   192/299     5.91G   0.02529   0.01373  0.001177    0.0402        19       640    0.9334    0.9413    0.9508    0.6545    0.0241  0.009557  0.005659
   193/299     5.91G   0.02499   0.01353  0.001144   0.03966        23       640    0.9335    0.9413    0.9507    0.6542    0.0241   0.00956  0.005665
   194/299     5.91G   0.02519   0.01377  0.001193   0.04015        25       640    0.9333    0.9413    0.9508    0.6542    0.0241  0.009563  0.005668
   195/299     5.91G   0.02477   0.01351   0.00127   0.03956        36       640    0.9333    0.9413    0.9506    0.6541   0.02411  0.009566  0.005671
   196/299     5.91G   0.02483   0.01365   0.00125   0.03973        29       640    0.9325    0.9416    0.9506    0.6541   0.02411  0.009569  0.005675
   197/299     5.91G   0.02459   0.01327  0.001235   0.03909        15       640    0.9325    0.9416    0.9505    0.6541   0.02412  0.009572  0.005681
   198/299     5.91G   0.02501   0.01372   0.00114   0.03987        30       640    0.9323    0.9413    0.9504    0.6538   0.02412  0.009574  0.005684
   199/299     5.91G   0.02477   0.01354   0.00113   0.03944        35       640     0.932    0.9408    0.9505    0.6538   0.02412  0.009576  0.005689
   200/299     5.91G   0.02473   0.01359  0.001025   0.03935        37       640    0.9322    0.9404    0.9504    0.6538   0.02413  0.009578  0.005693
   201/299     5.91G   0.02461   0.01368  0.001186   0.03948        20       640    0.9326    0.9394    0.9504    0.6534   0.02413   0.00958  0.005695
   202/299     5.91G   0.02447   0.01352  0.001204   0.03919        30       640     0.934    0.9379    0.9504    0.6533   0.02413  0.009584  0.005698
   203/299     5.91G   0.02481   0.01338  0.001197   0.03939        21       640    0.9307    0.9415    0.9504    0.6534   0.02413  0.009586  0.005701
   204/299     5.91G   0.02439   0.01358  0.001087   0.03906        62       640    0.9333    0.9385    0.9504    0.6535   0.02413  0.009589  0.005705
   205/299     5.91G   0.02494   0.01366  0.001174   0.03977        27       640    0.9302    0.9416    0.9504    0.6537   0.02413  0.009591  0.005712
   206/299     5.91G   0.02465   0.01335  0.001082   0.03908        23       640    0.9331    0.9389    0.9505    0.6537   0.02413  0.009593  0.005713
   207/299     5.91G   0.02439   0.01318  0.001179   0.03876        33       640    0.9331    0.9385    0.9504     0.653   0.02413  0.009596  0.005714
   208/299     5.91G   0.02489    0.0134  0.001108   0.03941        16       640    0.9329    0.9387    0.9504    0.6532   0.02413  0.009599  0.005717
   209/299     5.91G   0.02456   0.01348  0.001086   0.03913        49       640    0.9326    0.9389    0.9504    0.6534   0.02413  0.009602  0.005723
   210/299     5.91G   0.02442    0.0132  0.001274    0.0389        21       640    0.9328    0.9383    0.9502    0.6531   0.02413  0.009605  0.005728
   211/299     5.91G   0.02437   0.01357  0.001109   0.03905        19       640     0.931    0.9397    0.9504    0.6532   0.02413  0.009605  0.005736
   212/299     5.91G   0.02423   0.01334  0.001039   0.03861        36       640    0.9313    0.9396    0.9504    0.6534   0.02413  0.009608  0.005739
   213/299     5.91G   0.02441    0.0134  0.001109   0.03892        22       640     0.931    0.9395    0.9504    0.6534   0.02413   0.00961  0.005743
   214/299     5.91G   0.02448   0.01344   0.00116   0.03908        17       640     0.935    0.9356    0.9504    0.6534   0.02413  0.009612  0.005747
   215/299     5.91G   0.02409   0.01318  0.001197   0.03846        15       640    0.9348    0.9357    0.9505    0.6534   0.02413  0.009614  0.005752
   216/299     5.91G   0.02452   0.01351  0.001094   0.03913        19       640    0.9346     0.936    0.9504    0.6531   0.02413  0.009616  0.005755
   217/299     5.91G   0.02428   0.01334  0.001156   0.03877        36       640    0.9346     0.936    0.9504    0.6533   0.02413  0.009618  0.005758
   218/299     5.91G   0.02404   0.01338  0.001112   0.03852        19       640    0.9348    0.9358    0.9504    0.6531   0.02413   0.00962  0.005762
   219/299     5.91G   0.02458   0.01334  0.001026   0.03895        24       640    0.9348    0.9355    0.9504    0.6528   0.02413  0.009622  0.005766
   220/299     5.91G   0.02397   0.01311   0.00117   0.03825        12       640    0.9357    0.9346    0.9505     0.653   0.02413  0.009624  0.005768
   221/299     5.91G   0.02422   0.01333 0.0009827   0.03853        44       640    0.9312    0.9393    0.9505    0.6528   0.02414  0.009626  0.005774
   222/299     5.91G   0.02403   0.01307  0.001267   0.03837        19       640    0.9312    0.9393    0.9505    0.6528   0.02413  0.009628  0.005778
   223/299     5.91G   0.02396   0.01316  0.001051   0.03816        23       640    0.9311    0.9393    0.9507    0.6529   0.02413   0.00963   0.00578
   224/299     5.91G   0.02385   0.01321 0.0009872   0.03805        29       640     0.931    0.9392    0.9506    0.6527   0.02413  0.009632  0.005782
   225/299     5.91G   0.02353   0.01319 0.0009971   0.03771        31       640    0.9365    0.9334    0.9508    0.6528   0.02413  0.009636  0.005784
   226/299     5.91G   0.02355    0.0133  0.001076   0.03793        25       640    0.9348    0.9354    0.9507    0.6527   0.02413  0.009638  0.005783
   227/299     5.91G   0.02396   0.01318  0.001142   0.03828        39       640    0.9366    0.9335    0.9508    0.6523   0.02413   0.00964  0.005784
   228/299     5.91G   0.02355   0.01296 0.0009718   0.03748        30       640    0.9346    0.9359    0.9509    0.6521   0.02413  0.009641  0.005786
   229/299     5.91G   0.02381    0.0131  0.001047   0.03796        40       640    0.9348    0.9354    0.9509    0.6521   0.02413  0.009643  0.005791
   230/299     5.91G   0.02352   0.01308  0.001069   0.03766        21       640    0.9367    0.9334    0.9509     0.652   0.02414  0.009645  0.005796
   231/299     5.91G   0.02352   0.01289  0.001031   0.03745        22       640    0.9341     0.936    0.9509     0.652   0.02414  0.009646  0.005798
   232/299     5.91G   0.02383    0.0133  0.001037   0.03817       105       640    0.9341    0.9361    0.9509    0.6519   0.02414  0.009648  0.005802
   233/299     5.91G   0.02381   0.01305  0.001016   0.03788        20       640    0.9361    0.9344    0.9508    0.6519   0.02414   0.00965  0.005806
   234/299     5.91G   0.02347   0.01312   0.00101    0.0376        19       640    0.9361    0.9344    0.9508    0.6518   0.02414  0.009652   0.00581
   235/299     5.91G   0.02333   0.01277 0.0009997    0.0371        38       640     0.934    0.9366    0.9509    0.6518   0.02415  0.009654  0.005817
   236/299     5.91G   0.02351   0.01298  0.001033   0.03753        24       640    0.9344    0.9367     0.951    0.6517   0.02415  0.009656   0.00582
   237/299     5.91G   0.02331   0.01277  0.001033   0.03712        21       640    0.9344    0.9365    0.9509    0.6514   0.02415  0.009658  0.005825
   238/299     5.91G   0.02336   0.01294 0.0009599   0.03726        41       640    0.9355    0.9354     0.951    0.6512   0.02415   0.00966  0.005828
   239/299     5.91G   0.02307   0.01279   0.00103   0.03689        29       640    0.9358    0.9352     0.951    0.6514   0.02416  0.009663  0.005831
   240/299     5.91G   0.02328   0.01287  0.001056   0.03721        24       640    0.9349    0.9363     0.951    0.6511   0.02416  0.009665  0.005835
   241/299     5.91G   0.02327   0.01289  0.001082   0.03724        16       640    0.9348    0.9363    0.9508    0.6513   0.02416  0.009666  0.005841
   242/299     5.91G   0.02311   0.01289 0.0009909   0.03699        46       640    0.9353    0.9362    0.9507    0.6509   0.02416  0.009668  0.005845
   243/299     5.91G   0.02325   0.01284  0.001023   0.03711        29       640    0.9353     0.936    0.9508    0.6509   0.02416  0.009671   0.00585
   244/299     5.91G   0.02333   0.01273  0.001024   0.03708        33       640    0.9357    0.9359    0.9507    0.6512   0.02417  0.009673  0.005853
   245/299     5.91G   0.02314   0.01265  0.001069   0.03686        17       640    0.9362    0.9351    0.9507    0.6508   0.02417  0.009676  0.005856
   246/299     5.91G     0.023   0.01255  0.000946    0.0365        41       640     0.936    0.9352    0.9507    0.6508   0.02417  0.009678  0.005861
   247/299     5.91G   0.02343   0.01289 0.0009603   0.03728        40       640    0.9343    0.9365    0.9507    0.6509   0.02417   0.00968  0.005865
   248/299     5.91G   0.02278   0.01257  0.001038   0.03639        30       640    0.9343    0.9365    0.9507    0.6511   0.02417  0.009682  0.005869
   249/299     5.91G   0.02337   0.01268 0.0009109   0.03697        32       640    0.9355    0.9353    0.9507    0.6508   0.02418  0.009685  0.005874
   250/299     5.91G   0.02317   0.01269 0.0009767   0.03683        26       640    0.9353    0.9355    0.9507    0.6508   0.02418  0.009687  0.005878
   251/299     5.91G    0.0228   0.01257 0.0008993   0.03626        47       640    0.9349    0.9361    0.9506    0.6507   0.02419  0.009689  0.005884
   252/299     5.91G   0.02295   0.01269 0.0009905   0.03663        22       640    0.9351    0.9362    0.9506    0.6506   0.02419  0.009691  0.005885
   253/299     5.91G   0.02251    0.0125 0.0009712   0.03598        33       640    0.9351    0.9362    0.9507    0.6506   0.02419  0.009693  0.005886
   254/299     5.91G   0.02286    0.0126  0.001003   0.03646        23       640    0.9351    0.9362    0.9506    0.6505   0.02419  0.009695  0.005889
   255/299     5.91G   0.02277    0.0126  0.001122   0.03649        34       640    0.9342     0.937    0.9507    0.6503   0.02419  0.009698  0.005891
   256/299     5.91G   0.02277    0.0127  0.001001   0.03647        14       640    0.9351    0.9362    0.9506    0.6502   0.02419    0.0097  0.005894
   257/299     5.91G   0.02276   0.01257  0.001015   0.03634        22       640    0.9344    0.9373    0.9506    0.6504    0.0242  0.009703  0.005894
   258/299     5.91G   0.02283   0.01262 0.0009195   0.03637        33       640    0.9344    0.9372    0.9506    0.6504    0.0242  0.009705  0.005897
   259/299     5.91G    0.0223   0.01247  0.001032   0.03581        20       640    0.9344    0.9372    0.9505    0.6504    0.0242  0.009708  0.005901
   260/299     5.91G   0.02295   0.01249   0.00105   0.03649        41       640    0.9343     0.937    0.9506    0.6505   0.02419   0.00971  0.005906
   261/299     5.91G   0.02271   0.01274 0.0008537   0.03631        23       640    0.9344     0.937    0.9506    0.6503   0.02419  0.009712  0.005911
   262/299     5.91G   0.02258   0.01249 0.0009834   0.03606        24       640    0.9346     0.937    0.9507    0.6505    0.0242  0.009715  0.005918
   263/299     5.91G    0.0227   0.01222     0.001   0.03592        20       640    0.9346     0.937    0.9507    0.6504    0.0242  0.009717  0.005921
   264/299     5.91G   0.02261    0.0126  0.000943   0.03615        23       640    0.9344     0.937    0.9506    0.6502   0.02421  0.009719  0.005924
   265/299     5.91G   0.02261   0.01254 0.0009155   0.03606        20       640    0.9343    0.9373    0.9506    0.6501   0.02421  0.009721  0.005928
   266/299     5.91G   0.02219    0.0124  0.000929   0.03552        27       640    0.9343     0.937    0.9507      0.65   0.02421  0.009723  0.005931
   267/299     5.91G   0.02259   0.01233 0.0008673   0.03579        17       640    0.9338    0.9375    0.9506    0.6496   0.02421  0.009725  0.005936
   268/299     5.91G   0.02255   0.01233 0.0009007   0.03578        26       640    0.9345     0.937    0.9507    0.6498   0.02421  0.009727  0.005941
   269/299     5.91G   0.02246   0.01242 0.0008734   0.03575        36       640    0.9344     0.937    0.9505    0.6498   0.02421  0.009729  0.005944
   270/299     5.91G   0.02261   0.01258 0.0009307   0.03612        25       640    0.9363     0.935    0.9505    0.6495   0.02421  0.009731  0.005947
   271/299     5.91G   0.02221   0.01221  0.000934   0.03535        28       640    0.9363     0.935    0.9505    0.6492   0.02422  0.009733   0.00595
   272/299     5.91G   0.02259   0.01241 0.0008941   0.03589        18       640    0.9346     0.937    0.9505    0.6493   0.02422  0.009735  0.005952
   273/299     5.91G   0.02198   0.01227 0.0009323   0.03518        21       640    0.9349     0.937    0.9505    0.6493   0.02422  0.009737  0.005953
   274/299     5.91G   0.02233   0.01234 0.0008993   0.03557        36       640    0.9342    0.9373    0.9503    0.6489   0.02422   0.00974  0.005956
   275/299     5.91G   0.02246   0.01251 0.0008044   0.03578        23       640    0.9343    0.9373    0.9504    0.6491   0.02422  0.009743  0.005959
   276/299     5.91G   0.02211   0.01218  0.000895   0.03518        25       640    0.9343    0.9373    0.9503     0.649   0.02423  0.009745  0.005963
   277/299     5.91G   0.02222   0.01233 0.0009069   0.03546        22       640    0.9343    0.9372    0.9503    0.6491   0.02423  0.009748  0.005966
   278/299     5.91G   0.02229   0.01234 0.0008911   0.03553        17       640    0.9343    0.9373    0.9503    0.6492   0.02423   0.00975  0.005968
   279/299     5.91G   0.02213   0.01224 0.0008654   0.03524        19       640    0.9344    0.9371    0.9503    0.6485   0.02424  0.009754  0.005969
   280/299     5.91G   0.02176   0.01218 0.0008947   0.03483        32       640    0.9345     0.937    0.9502    0.6486   0.02424  0.009757  0.005973
   281/299     5.91G   0.02204   0.01233 0.0009434   0.03532        34       640    0.9346     0.937    0.9507    0.6487   0.02424  0.009759  0.005975
   282/299     5.91G   0.02205   0.01225   0.00102   0.03532        17       640    0.9346     0.937    0.9508    0.6489   0.02424  0.009761  0.005976
   283/299     5.91G   0.02182   0.01224 0.0008994   0.03496        19       640    0.9345     0.937    0.9503    0.6487   0.02424  0.009764  0.005979
   284/299     5.91G   0.02219   0.01208 0.0008747   0.03514        29       640    0.9347    0.9367    0.9503    0.6488   0.02424  0.009767  0.005984
   285/299     5.91G   0.02161   0.01206 0.0008474   0.03452        20       640    0.9348    0.9367    0.9502    0.6484   0.02425   0.00977  0.005984
   286/299     5.91G   0.02189   0.01228 0.0008813   0.03506        47       640    0.9347    0.9367    0.9502    0.6485   0.02425  0.009774  0.005989
   287/299     5.91G   0.02187   0.01221 0.0009724   0.03506        32       640    0.9351    0.9362    0.9502    0.6485   0.02425  0.009777  0.005989
   288/299     5.91G   0.02198   0.01229 0.0008558   0.03513        30       640    0.9357     0.936    0.9501    0.6483   0.02426   0.00978  0.005991
   289/299     5.91G   0.02174   0.01232 0.0008043   0.03486        31       640    0.9358    0.9359    0.9501    0.6482   0.02426  0.009783  0.005992
   290/299     5.91G   0.02214   0.01227 0.0008609   0.03527        39       640    0.9358    0.9359    0.9502    0.6485   0.02426  0.009786  0.005994
   291/299     5.91G   0.02226   0.01231 0.0008094   0.03538        20       640    0.9354    0.9365    0.9503    0.6483   0.02426  0.009789  0.005997
   292/299     5.91G   0.02181   0.01222 0.0009088   0.03493        30       640    0.9358    0.9367    0.9505    0.6481   0.02427  0.009791  0.005999
   293/299     5.91G   0.02161   0.01221 0.0007929   0.03461        32       640    0.9358    0.9367    0.9503     0.648   0.02427  0.009795  0.006003
   294/299     5.91G   0.02163   0.01211 0.0008078   0.03455        29       640    0.9358    0.9366    0.9503     0.648   0.02428  0.009797  0.006007
   295/299     5.91G    0.0219   0.01224 0.0008863   0.03502        30       640    0.9356    0.9367    0.9504    0.6481   0.02428  0.009801  0.006011
   296/299     5.91G   0.02164   0.01214 0.0008331   0.03461        27       640    0.9361    0.9357    0.9504    0.6478   0.02428  0.009803  0.006016
   297/299     5.91G   0.02146   0.01203 0.0008394   0.03432        42       640    0.9361    0.9357    0.9505    0.6475   0.02429  0.009807  0.006019
   298/299     5.91G   0.02189   0.01216 0.0008973   0.03495        30       640     0.936    0.9357    0.9505    0.6477   0.02429   0.00981  0.006023
   299/299     5.91G   0.02178   0.01208 0.0008818   0.03474        57       640    0.9362    0.9354    0.9504    0.6475    0.0243  0.009813  0.006028
