     0/299     3.42G   0.09904    0.0352    0.0229    0.1571        25       640  0.001331    0.2217 0.0003317 5.069e-05   0.08639   0.02443   0.02276
     1/299     5.26G    0.0919   0.03617   0.01988     0.148        19       640  0.007496    0.1384  0.003428  0.000624   0.07442   0.02752   0.02193
     2/299     5.26G   0.08236   0.04057   0.01943    0.1424        63       640   0.06713    0.1976   0.04285   0.01201    0.0655   0.02909   0.02108
     3/299     5.26G   0.07487   0.03688   0.01737    0.1291        36       640     0.323    0.2837    0.2097   0.07277   0.05419   0.02871   0.01945
     4/299     5.26G   0.06643   0.03021   0.01301    0.1096        28       640    0.5795    0.5237     0.519     0.211   0.05313   0.01928    0.0125
     5/299     5.26G   0.05919   0.02733   0.01001   0.09652        13       640    0.8203    0.6742     0.754    0.3498    0.0408   0.01556  0.008207
     6/299     5.26G   0.05445   0.02598  0.008448   0.08888        73       640    0.7982    0.6536    0.7253    0.3248   0.04506   0.01471  0.008915
     7/299     5.26G   0.05062   0.02442  0.007528   0.08257        39       640    0.7866    0.7457    0.7838    0.4173   0.03666   0.01339   0.01073
     8/299     5.26G   0.04724   0.02333  0.007039   0.07761        30       640      0.87    0.7663    0.8364    0.4178   0.03806   0.01272  0.007799
     9/299     5.26G   0.04731   0.02263  0.006283   0.07622        29       640    0.8927    0.8168    0.8814    0.5007   0.03317   0.01232  0.006556
    10/299     5.26G   0.04569    0.0221  0.006133   0.07393        26       640    0.8954    0.8421    0.8939    0.5081   0.03321   0.01184  0.005836
    11/299     5.26G   0.04459   0.02168  0.005806   0.07208        16       640    0.8768    0.8165    0.8692    0.5003   0.03251   0.01245  0.007122
    12/299     5.26G   0.04411    0.0217  0.005612   0.07143        37       640    0.9141    0.8321    0.9002    0.5382   0.03203   0.01147  0.006715
    13/299     5.26G   0.04277   0.02093  0.005467   0.06917        12       640    0.8693    0.8688    0.9015    0.5453     0.031   0.01094  0.006854
    14/299     5.26G   0.04273   0.02102  0.005031   0.06879        25       640    0.9023    0.8679    0.9117    0.5466   0.03099   0.01084  0.005943
    15/299     5.26G   0.04243   0.02137  0.005154   0.06895        35       640    0.8928    0.8706    0.9029    0.5472   0.03077   0.01141  0.006146
    16/299     5.26G   0.04138   0.02076  0.004946   0.06709        27       640    0.9031    0.8775    0.9141    0.5572   0.03032   0.01101  0.005653
    17/299     5.26G   0.04088    0.0202  0.004775   0.06586        27       640    0.9139    0.8608    0.9125    0.5625   0.03001     0.011   0.00603
    18/299     5.26G   0.04048   0.02048  0.004919   0.06588        21       640      0.91    0.8815    0.9205    0.5683   0.02956   0.01062  0.005953
    19/299     5.26G   0.04038   0.02056  0.004746   0.06569        32       640    0.8987    0.8689    0.9106    0.5603   0.02959   0.01095  0.006274
    20/299     5.26G   0.03997   0.02027  0.004815   0.06506        30       640    0.9075    0.8849    0.9185    0.5891   0.02847    0.0104   0.00581
    21/299     5.26G   0.03934   0.02004  0.004488   0.06387        16       640    0.9169    0.8891    0.9261    0.5748   0.02883   0.01062  0.005347
    22/299     5.26G   0.03913    0.0195  0.004441   0.06307        18       640    0.9234    0.8846    0.9217     0.587   0.02846    0.0104   0.00516
    23/299     5.26G   0.03912   0.01975  0.004353   0.06322        24       640    0.9151    0.8885    0.9287     0.592   0.02849   0.01049  0.005438
    24/299     5.26G   0.03846   0.01983  0.004131   0.06242        50       640    0.9131    0.8904    0.9257    0.5864   0.02838   0.01044  0.005347
    25/299     5.26G   0.03823   0.01943    0.0041   0.06176        47       640    0.9199     0.895    0.9228     0.588   0.02791   0.01029  0.005439
    26/299     5.26G   0.03818    0.0195  0.004147   0.06182        32       640    0.9302    0.8918    0.9321    0.5935    0.0278   0.01015  0.005215
    27/299     5.26G   0.03756   0.01874  0.004515   0.06081        27       640    0.9194    0.9027    0.9293    0.5933   0.02762   0.01037   0.00519
    28/299     5.26G   0.03736   0.01909  0.003991   0.06044        24       640    0.9149    0.9068    0.9333    0.6069   0.02715   0.01022  0.005506
    29/299     5.26G   0.03737   0.01884  0.003838   0.06006        28       640      0.93    0.8941     0.931    0.6022   0.02753   0.01023  0.005219
    30/299     5.26G   0.03716   0.01904   0.00411   0.06031        18       640    0.9278    0.8991    0.9304    0.5969   0.02752   0.01032   0.00515
    31/299     5.26G   0.03705   0.01894  0.003848   0.05983        18       640    0.9249    0.9029    0.9376    0.6088   0.02735   0.01003  0.005104
    32/299     5.26G   0.03694   0.01868  0.003874   0.05949        20       640    0.9166    0.9039    0.9341    0.6063   0.02714  0.009998  0.005705
    33/299     5.26G     0.037   0.01885  0.003833   0.05969        36       640    0.9214    0.8846     0.928    0.5981   0.02717   0.01004  0.005777
    34/299     5.26G   0.03655   0.01813  0.003811   0.05849        22       640    0.9136    0.9052    0.9271    0.6061   0.02707   0.01001  0.005788
    35/299     5.26G   0.03658   0.01875  0.003761   0.05909        17       640    0.9235    0.9078    0.9386    0.6186   0.02687  0.009866  0.005493
    36/299     5.26G   0.03606   0.01873  0.003899    0.0587        15       640    0.9172    0.9162    0.9388    0.6141   0.02679  0.009818   0.00526
    37/299     5.26G   0.03625    0.0185  0.003603   0.05835        25       640    0.9256    0.9161    0.9385    0.6126   0.02667  0.009824   0.00492
    38/299     5.26G   0.03597    0.0185  0.003753   0.05822        25       640    0.9328    0.8941    0.9371    0.6125   0.02674   0.01003  0.005327
    39/299     5.26G   0.03557   0.01803  0.003379   0.05698        22       640     0.925    0.9072    0.9375    0.6187   0.02627  0.009799  0.005302
    40/299     5.26G   0.03565    0.0183   0.00368   0.05764        26       640    0.9296    0.9067    0.9408    0.6203   0.02646  0.009856  0.004891
    41/299     5.26G   0.03549   0.01834  0.003631   0.05746        30       640    0.9264    0.9207    0.9418    0.6196   0.02638  0.009905  0.004888
    42/299     5.26G   0.03557   0.01821  0.003323    0.0571        29       640    0.9348    0.9074    0.9427    0.6195   0.02642  0.009783  0.005366
    43/299     5.26G   0.03547   0.01803  0.003331   0.05683        30       640    0.9217    0.9155    0.9406    0.6191   0.02608  0.009893  0.005055
    44/299     5.26G   0.03546   0.01807  0.003265   0.05679        49       640    0.9233    0.9109    0.9389    0.6234   0.02627  0.009839  0.005322
    45/299     5.26G   0.03555   0.01813  0.003406   0.05708        37       640    0.9394    0.9037    0.9395    0.6191   0.02626  0.009955  0.004805
    46/299     5.26G   0.03556   0.01831   0.00319   0.05705        29       640    0.9262    0.9125    0.9382    0.6266   0.02596  0.009701  0.005005
    47/299     5.26G   0.03502    0.0181  0.003278   0.05639        80       640    0.9307    0.9109    0.9396    0.6242   0.02586  0.009825  0.005256
    48/299     5.26G   0.03501   0.01799  0.003375   0.05637        21       640    0.9287    0.9145     0.944    0.6279   0.02575  0.009671  0.004877
    49/299     5.26G   0.03454   0.01798  0.002976    0.0555        16       640    0.9417    0.9062    0.9427    0.6243   0.02598  0.009796  0.005078
    50/299     5.26G   0.03467   0.01787  0.003256   0.05579        35       640    0.9312    0.9108    0.9389    0.6215   0.02561  0.009782  0.005005
    51/299     5.26G   0.03463   0.01759  0.003203   0.05542        35       640    0.9257    0.9202    0.9418    0.6276   0.02552  0.009809  0.005304
    52/299     5.26G   0.03486   0.01797  0.003154   0.05598        40       640    0.9239     0.917    0.9412    0.6271    0.0255  0.009793  0.005385
    53/299     5.26G   0.03443   0.01734  0.003171   0.05494        22       640    0.9288    0.9066    0.9402     0.626   0.02546  0.009852   0.00567
    54/299     5.26G   0.03426   0.01822   0.00292   0.05539        25       640    0.9305    0.9159    0.9438    0.6312   0.02541  0.009663  0.005083
    55/299     5.26G   0.03427   0.01791  0.003279   0.05546        21       640    0.9283     0.912    0.9405    0.6333   0.02528  0.009753  0.005117
    56/299     5.26G    0.0342   0.01748  0.002936   0.05461        21       640    0.9272    0.9234    0.9468    0.6325   0.02523   0.00965  0.004946
    57/299     5.26G   0.03432   0.01743  0.003133   0.05489        27       640    0.9291    0.9232    0.9469    0.6365   0.02517  0.009607  0.004957
    58/299     5.26G   0.03412   0.01757  0.003083   0.05477        28       640    0.9296    0.9201    0.9452    0.6312   0.02517  0.009507  0.005066
    59/299     5.26G   0.03411   0.01767  0.003099   0.05488        25       640    0.9307    0.9179    0.9455    0.6342   0.02519  0.009628  0.005121
    60/299     5.26G   0.03417   0.01741  0.003125    0.0547        32       640    0.9284    0.9279    0.9496     0.638   0.02516  0.009589  0.005253
    61/299     5.26G   0.03348   0.01714  0.003062   0.05369        24       640    0.9355    0.9185    0.9442    0.6293   0.02541  0.009553  0.005469
    62/299     5.26G   0.03372   0.01761  0.002954   0.05428        26       640     0.928    0.9225    0.9466    0.6387   0.02507  0.009629  0.005182
    63/299     5.26G   0.03368   0.01731  0.003018   0.05401        19       640    0.9314    0.9186    0.9456     0.638   0.02493  0.009506  0.005149
    64/299     5.26G   0.03367   0.01773  0.002678   0.05408        16       640    0.9319    0.9178    0.9504      0.64   0.02485  0.009536  0.005147
    65/299     5.26G   0.03287   0.01716   0.00278   0.05281        24       640    0.9406    0.9122    0.9506    0.6395   0.02527  0.009594  0.005065
    66/299     5.26G   0.03356   0.01764  0.002674   0.05388        18       640    0.9361    0.9156    0.9505    0.6401   0.02501  0.009563  0.005271
    67/299     5.26G   0.03375   0.01742  0.002902   0.05407        57       640     0.939     0.914    0.9483    0.6406   0.02517   0.00953  0.005215
    68/299     5.26G   0.03362   0.01749  0.002916   0.05403        24       640    0.9373    0.9135    0.9472    0.6382   0.02493  0.009644  0.005002
    69/299     5.26G   0.03275   0.01703  0.002659   0.05244        18       640    0.9301    0.9238    0.9491    0.6409    0.0252  0.009519  0.005163
    70/299     5.26G   0.03358   0.01721  0.002621   0.05341        68       640    0.9362    0.9183    0.9494    0.6458   0.02481  0.009426  0.005303
    71/299     5.26G    0.0332   0.01711  0.002705   0.05302        19       640    0.9269    0.9296    0.9477    0.6419   0.02507   0.00949  0.004938
    72/299     5.26G   0.03298   0.01692  0.002782   0.05268        35       640    0.9274    0.9273    0.9472    0.6443   0.02506  0.009483  0.004857
    73/299     5.26G   0.03333   0.01728  0.002668   0.05327        21       640    0.9266    0.9248    0.9462    0.6373   0.02528  0.009544  0.005337
    74/299     5.26G   0.03317   0.01753   0.00265   0.05335        40       640     0.935    0.9211    0.9507    0.6419   0.02506  0.009543   0.00522
    75/299     5.26G   0.03339   0.01688    0.0027   0.05296        24       640    0.9358    0.9182    0.9493    0.6443   0.02489  0.009476  0.005319
    76/299     5.26G   0.03296   0.01714  0.002561   0.05266        19       640    0.9326    0.9264    0.9517    0.6474   0.02466  0.009466  0.005132
    77/299     5.26G   0.03266   0.01688  0.002819   0.05237        28       640    0.9314    0.9194    0.9487    0.6417   0.02483  0.009529  0.005241
    78/299     5.26G   0.03287   0.01719  0.002516   0.05257        52       640    0.9301    0.9232      0.95    0.6475   0.02465   0.00945  0.005269
    79/299     5.26G   0.03268   0.01716   0.00238   0.05222        31       640    0.9286     0.927     0.949    0.6465    0.0247   0.00948  0.005254
    80/299     5.26G     0.033   0.01688  0.002615   0.05249        18       640    0.9222    0.9403    0.9499    0.6443   0.02455  0.009438  0.005016
    81/299     5.26G    0.0328   0.01687  0.002578   0.05224        22       640    0.9295    0.9308    0.9481    0.6427   0.02453  0.009457  0.005071
    82/299     5.26G   0.03274   0.01696  0.002551   0.05225        23       640    0.9295    0.9296    0.9493    0.6456   0.02453   0.00941  0.005132
    83/299     5.26G   0.03251   0.01691  0.002383    0.0518        19       640    0.9333    0.9307    0.9487     0.642   0.02468  0.009431  0.005131
    84/299     5.26G   0.03315    0.0172  0.002364   0.05272        31       640    0.9314    0.9316    0.9479    0.6427   0.02475  0.009454  0.005104
    85/299     5.26G    0.0321   0.01699  0.002504   0.05159        47       640    0.9305    0.9307    0.9515    0.6482    0.0246  0.009379  0.005256
    86/299     5.26G   0.03229   0.01666  0.002329   0.05128        32       640    0.9283     0.931    0.9501     0.644   0.02468  0.009368  0.005539
    87/299     5.26G    0.0323   0.01693  0.002438   0.05167        26       640    0.9303     0.932    0.9504    0.6477   0.02468  0.009382  0.005229
    88/299     5.26G   0.03219   0.01663  0.002547   0.05137        31       640    0.9295    0.9335    0.9503    0.6467   0.02468    0.0094  0.005144
    89/299     5.26G   0.03262   0.01705  0.002307   0.05198        28       640    0.9259    0.9355    0.9509     0.648   0.02491  0.009369  0.005398
    90/299     5.26G   0.03205   0.01655  0.002579   0.05118        21       640    0.9247    0.9337    0.9506    0.6506   0.02467  0.009384  0.005261
    91/299     5.26G   0.03179   0.01664  0.002411   0.05084        20       640     0.932    0.9265    0.9504    0.6492   0.02469  0.009391  0.005365
    92/299     5.26G    0.0321   0.01697  0.002394   0.05146        62       640    0.9357    0.9241    0.9499    0.6485   0.02454  0.009388  0.005337
    93/299     5.26G   0.03204   0.01679  0.002547   0.05138        21       640    0.9339    0.9255    0.9497    0.6477    0.0245  0.009371   0.00533
    94/299     5.26G     0.032    0.0171  0.002142   0.05125        65       640     0.931    0.9266    0.9489    0.6465   0.02452  0.009418   0.00535
    95/299     5.26G   0.03252   0.01684  0.002318   0.05168        25       640    0.9232    0.9366    0.9508    0.6449   0.02451  0.009382  0.005518
    96/299     5.26G   0.03192   0.01657  0.002442   0.05093        16       640    0.9281     0.933    0.9515    0.6449   0.02454  0.009402   0.00544
    97/299     5.26G   0.03184   0.01657  0.002227   0.05063        33       640    0.9333    0.9271    0.9516    0.6467   0.02458  0.009378  0.005554
    98/299     5.26G   0.03164   0.01646   0.00223   0.05033        21       640    0.9269    0.9359    0.9506    0.6491   0.02461  0.009396  0.005539
    99/299     5.26G   0.03158   0.01666  0.002225   0.05046        33       640    0.9332    0.9324    0.9511    0.6498   0.02455  0.009414   0.00552
   100/299     5.26G   0.03197   0.01647   0.00211   0.05055        18       640    0.9348    0.9305    0.9522    0.6508   0.02451   0.00937   0.00538
   101/299     5.26G   0.03197   0.01661   0.00232   0.05089        20       640    0.9324    0.9312    0.9529    0.6502   0.02455  0.009353  0.005272
   102/299     5.26G   0.03155    0.0166  0.002276   0.05042        32       640    0.9311    0.9327     0.952    0.6499   0.02444  0.009371  0.005262
   103/299     5.26G   0.03134    0.0164  0.002272   0.05001        32       640    0.9313    0.9326     0.952    0.6509    0.0244  0.009393  0.005358
   104/299     5.26G   0.03115   0.01655  0.002175   0.04988        24       640    0.9297    0.9324    0.9515     0.651   0.02437  0.009377  0.005434
   105/299     5.26G   0.03095   0.01611  0.002311   0.04938        21       640     0.932    0.9294    0.9518    0.6508    0.0244  0.009364  0.005456
   106/299     5.26G    0.0315   0.01639   0.00231    0.0502        20       640    0.9239     0.938     0.952    0.6513   0.02441  0.009348  0.005432
   107/299     5.26G   0.03139   0.01617  0.002176   0.04974        24       640    0.9298    0.9327    0.9512    0.6518   0.02438   0.00934  0.005366
   108/299     5.26G   0.03104   0.01635   0.00222   0.04961        35       640    0.9282    0.9355    0.9515    0.6518   0.02428  0.009342  0.005435
   109/299     5.26G   0.03094   0.01591   0.00221   0.04906        19       640     0.933    0.9288    0.9519    0.6523   0.02438  0.009346   0.00541
   110/299     5.26G   0.03129   0.01661  0.002237   0.05014        41       640    0.9355     0.927    0.9529     0.652   0.02437  0.009323  0.005402
   111/299     5.26G    0.0314   0.01641  0.002298    0.0501        27       640     0.933     0.932    0.9532    0.6517   0.02438  0.009307  0.005378
   112/299     5.26G   0.03101   0.01625  0.002213   0.04947        20       640    0.9353     0.931    0.9532     0.652   0.02438  0.009292  0.005339
   113/299     5.26G   0.03145   0.01627  0.002067   0.04979        48       640    0.9363    0.9302    0.9538    0.6527   0.02439    0.0093  0.005314
   114/299     5.26G   0.03151   0.01669  0.001974   0.05017        23       640    0.9312    0.9356    0.9538    0.6533    0.0244  0.009318   0.00525
   115/299     5.26G   0.03083   0.01626  0.002135   0.04923        16       640    0.9279    0.9376    0.9536    0.6511   0.02444  0.009331  0.005285
   116/299     5.26G   0.03096   0.01621  0.002096   0.04926        37       640    0.9326    0.9343    0.9528    0.6507   0.02448  0.009323  0.005311
   117/299     5.26G   0.03135   0.01604  0.002169   0.04955        30       640    0.9316    0.9368    0.9531    0.6522   0.02442  0.009334   0.00533
   118/299     5.26G   0.03104   0.01614  0.002073   0.04925        26       640    0.9303    0.9391    0.9533    0.6528   0.02438  0.009339  0.005306
   119/299     5.26G   0.03098   0.01631   0.00192   0.04922        31       640    0.9304    0.9375    0.9531    0.6524   0.02437  0.009332  0.005343
   120/299     5.26G   0.03077   0.01581  0.002059   0.04864        44       640    0.9273    0.9391     0.953    0.6526   0.02437  0.009334  0.005315
   121/299     5.26G   0.03061   0.01613  0.002073   0.04882        28       640    0.9346    0.9331     0.953    0.6529   0.02432  0.009341  0.005308
   122/299     5.26G   0.03049   0.01597  0.001851   0.04831        35       640     0.928     0.939    0.9531    0.6529   0.02431  0.009321  0.005322
   123/299     5.26G   0.03048   0.01593  0.002094    0.0485        21       640    0.9384    0.9309     0.953    0.6522   0.02433  0.009324  0.005314
   124/299     5.26G    0.0302   0.01594  0.002049   0.04819        43       640    0.9373    0.9326    0.9533    0.6522   0.02437  0.009334  0.005329
   125/299     5.26G    0.0306   0.01589  0.001893   0.04839        25       640    0.9343    0.9335    0.9522    0.6522   0.02438  0.009346  0.005332
   126/299     5.26G   0.03007   0.01565  0.001997   0.04772        22       640    0.9366    0.9333    0.9526    0.6514   0.02436  0.009357  0.005339
   127/299     5.26G   0.03058   0.01605  0.002013   0.04864        40       640    0.9361    0.9332    0.9525    0.6528   0.02433  0.009358  0.005371
   128/299     5.26G   0.03051   0.01615  0.002147   0.04881        26       640    0.9405    0.9297    0.9524    0.6531   0.02427  0.009355  0.005354
   129/299     5.26G   0.03027   0.01591   0.00206   0.04824        31       640    0.9356    0.9334    0.9521    0.6534   0.02426   0.00935  0.005324
   130/299     5.26G   0.03042   0.01624  0.001912   0.04858        21       640    0.9392    0.9309    0.9522    0.6529   0.02428  0.009351   0.00535
   131/299     5.26G   0.03006   0.01561  0.001819   0.04749        25       640    0.9346    0.9337    0.9516     0.653   0.02428  0.009347  0.005375
   132/299     5.26G   0.03048   0.01592  0.001852   0.04824        22       640    0.9331    0.9346    0.9511    0.6522   0.02429  0.009343  0.005407
   133/299     5.26G   0.03028   0.01566  0.001838   0.04778        19       640    0.9322    0.9373    0.9511    0.6517   0.02433  0.009345  0.005432
   134/299     5.26G   0.02983   0.01607  0.001968   0.04788        27       640    0.9329    0.9351    0.9514    0.6523   0.02433  0.009354  0.005433
   135/299     5.26G   0.03063    0.0155  0.001863     0.048        21       640    0.9313    0.9352    0.9516    0.6522   0.02432  0.009351  0.005482
   136/299     5.26G   0.03005   0.01562  0.001918   0.04759        30       640    0.9313    0.9345    0.9512    0.6523   0.02431  0.009349  0.005502
   137/299     5.26G   0.02979   0.01542  0.001801   0.04702        28       640    0.9301    0.9358    0.9512    0.6529   0.02433   0.00935  0.005513
   138/299     5.26G   0.03017   0.01598  0.001965   0.04811        26       640    0.9326    0.9346    0.9512    0.6527   0.02432   0.00935  0.005518
   139/299     5.26G   0.02997   0.01547  0.001754    0.0472        22       640    0.9353    0.9332    0.9513    0.6523   0.02434  0.009358  0.005518
   140/299     5.26G    0.0302   0.01544  0.001821   0.04746        32       640    0.9274    0.9417    0.9511     0.652   0.02436  0.009359  0.005506
   141/299     5.26G   0.02986   0.01536  0.001794   0.04702        22       640    0.9332     0.935     0.951    0.6526   0.02441  0.009361  0.005524
   142/299     5.26G   0.03014   0.01568  0.001711   0.04754        24       640    0.9382    0.9303    0.9511    0.6532   0.02444  0.009368  0.005535
   143/299     5.26G   0.02969   0.01526  0.001817   0.04676        27       640     0.936    0.9325     0.951    0.6527   0.02448  0.009373  0.005566
   144/299     5.26G    0.0299   0.01553  0.001777   0.04721        28       640    0.9327    0.9354    0.9512    0.6527   0.02449  0.009375  0.005565
   145/299     5.26G   0.02952   0.01569  0.002003   0.04721        22       640    0.9352    0.9338    0.9513    0.6526   0.02448  0.009374  0.005554
   146/299     5.26G   0.02974   0.01566  0.001714   0.04712        27       640    0.9345    0.9339     0.951    0.6528   0.02445  0.009374  0.005549
   147/299     5.26G   0.02951   0.01518  0.001699   0.04639        33       640     0.934     0.935    0.9515    0.6523   0.02445  0.009372  0.005539
   148/299     5.26G   0.02981   0.01536  0.001791   0.04696        29       640    0.9293    0.9383    0.9518     0.652   0.02446  0.009367  0.005531
   149/299     5.26G   0.02949   0.01535  0.001778   0.04661        24       640    0.9335    0.9341    0.9519    0.6518   0.02445  0.009372  0.005529
   150/299     5.26G   0.02955   0.01576  0.001726   0.04703        18       640    0.9333    0.9344    0.9522    0.6524   0.02443   0.00937  0.005533
   151/299     5.26G   0.02983   0.01544  0.001923   0.04719        18       640    0.9346    0.9323     0.952    0.6526   0.02441  0.009372  0.005552
   152/299     5.26G   0.02937   0.01518   0.00162   0.04617        17       640    0.9304    0.9366    0.9517    0.6525    0.0244   0.00937  0.005567
   153/299     5.26G   0.02959   0.01539  0.001684   0.04666        27       640    0.9353    0.9337    0.9516    0.6525    0.0244  0.009369  0.005553
   154/299     5.26G   0.02967   0.01521  0.001865   0.04674        20       640    0.9352    0.9336    0.9519    0.6524   0.02438  0.009363  0.005545
   155/299     5.26G   0.02917   0.01563  0.001667   0.04647        19       640    0.9349    0.9331    0.9513    0.6521   0.02438  0.009367  0.005547
   156/299     5.26G   0.02983   0.01569  0.001749   0.04727        24       640    0.9322    0.9358    0.9516    0.6523   0.02436  0.009368  0.005571
   157/299     5.26G   0.02975   0.01541  0.001684   0.04684        23       640    0.9321    0.9355    0.9515    0.6525   0.02435  0.009373  0.005587
   158/299     5.26G   0.02963   0.01548  0.001672   0.04678        17       640    0.9322    0.9353    0.9519     0.653   0.02433   0.00937  0.005592
   159/299     5.26G   0.02912   0.01524  0.001728   0.04608        32       640    0.9298    0.9366     0.952    0.6529   0.02433  0.009374  0.005614
   160/299     5.26G   0.02962   0.01545  0.001749   0.04681        60       640    0.9272    0.9387    0.9522    0.6531   0.02432  0.009376  0.005606
   161/299     5.26G   0.02908   0.01522  0.001692   0.04599        23       640    0.9268    0.9392    0.9524    0.6538   0.02432   0.00938  0.005606
   162/299     5.26G   0.02915   0.01545  0.001586   0.04619        16       640    0.9377    0.9278    0.9521    0.6531   0.02432  0.009384  0.005606
   163/299     5.26G   0.02896    0.0153   0.00164    0.0459        21       640    0.9373    0.9286    0.9522    0.6531   0.02432  0.009385  0.005593
   164/299     5.26G   0.02922   0.01542  0.001674   0.04631        45       640    0.9374    0.9291    0.9524     0.653   0.02432  0.009384  0.005598
   165/299     5.26G   0.02922   0.01534  0.001644   0.04621        27       640    0.9355    0.9311     0.952    0.6535    0.0243  0.009384  0.005601
   166/299     5.26G   0.02894   0.01543  0.001671   0.04604        18       640    0.9352    0.9312    0.9526    0.6532    0.0243  0.009388  0.005606
   167/299     5.26G   0.02898   0.01507  0.001686   0.04573        18       640     0.935    0.9318    0.9523    0.6532   0.02429  0.009385  0.005607
   168/299     5.26G     0.029   0.01509  0.001528   0.04562        25       640    0.9356    0.9307    0.9524     0.653   0.02428  0.009383  0.005608
   169/299     5.26G   0.02877   0.01504   0.00158   0.04539        35       640    0.9317    0.9347    0.9518    0.6532   0.02428  0.009385  0.005606
   170/299     5.26G   0.02881   0.01533  0.001615   0.04576        22       640    0.9326    0.9346    0.9525    0.6532   0.02428  0.009386  0.005607
   171/299     5.26G   0.02887   0.01513  0.001742   0.04574        14       640    0.9334    0.9345    0.9529    0.6532   0.02427  0.009387  0.005605
   172/299     5.26G   0.02871   0.01509  0.001551   0.04535        36       640    0.9345    0.9335    0.9521    0.6534   0.02427   0.00939  0.005618
   173/299     5.26G    0.0286    0.0152  0.001495    0.0453        36       640     0.933    0.9348    0.9519     0.654   0.02425   0.00939  0.005617
   174/299     5.26G   0.02817   0.01499  0.001602   0.04476        33       640    0.9325    0.9356     0.952    0.6542   0.02425   0.00939   0.00562
   175/299     5.26G   0.02867   0.01508  0.001482   0.04523        31       640    0.9325    0.9361    0.9531     0.654   0.02424  0.009392  0.005621
   176/299     5.26G    0.0285   0.01496  0.001295   0.04475        43       640    0.9368    0.9316    0.9531    0.6538   0.02424  0.009393  0.005628
   177/299     5.26G   0.02854   0.01506  0.001485   0.04509        19       640    0.9364    0.9314     0.953    0.6543   0.02424  0.009395  0.005635
   178/299     5.26G   0.02833   0.01508  0.001506   0.04493        16       640    0.9285    0.9392     0.953    0.6542   0.02424  0.009397  0.005635
   179/299     5.26G   0.02857   0.01516  0.001594   0.04533        21       640    0.9367    0.9307     0.953    0.6538   0.02423  0.009397  0.005634
   180/299     5.26G   0.02854   0.01483  0.001499   0.04487        33       640    0.9283      0.94     0.953    0.6537   0.02423  0.009399  0.005632
   181/299     5.26G   0.02809    0.0149  0.001482   0.04447        28       640    0.9276    0.9408    0.9528    0.6535   0.02423    0.0094  0.005639
   182/299     5.26G   0.02827   0.01474  0.001451   0.04446        25       640    0.9271    0.9416    0.9528    0.6537   0.02423  0.009403  0.005651
   183/299     5.26G   0.02825   0.01479  0.001455   0.04449        19       640    0.9268    0.9412    0.9528    0.6536   0.02423  0.009402  0.005656
   184/299     5.26G    0.0281   0.01509  0.001369   0.04456        16       640    0.9275    0.9407    0.9529     0.654   0.02424  0.009404  0.005659
   185/299     5.26G   0.02838   0.01487  0.001691   0.04494        22       640    0.9274    0.9408    0.9529    0.6537   0.02424  0.009404  0.005656
   186/299     5.26G   0.02812   0.01462  0.001467   0.04421        54       640     0.927    0.9412    0.9528    0.6535   0.02423  0.009406  0.005653
   187/299     5.26G   0.02805   0.01484  0.001534   0.04443        41       640    0.9336     0.935    0.9528    0.6537   0.02423  0.009407  0.005658
   188/299     5.26G   0.02822   0.01482  0.001404   0.04444        53       640     0.933    0.9359    0.9524    0.6534   0.02423  0.009408  0.005664
   189/299     5.26G   0.02814   0.01505  0.001432   0.04462        27       640    0.9331    0.9361    0.9524    0.6534   0.02423   0.00941  0.005663
   190/299     5.26G   0.02749    0.0149  0.001491   0.04388        24       640    0.9336    0.9352    0.9523    0.6531   0.02423  0.009411  0.005664
   191/299     5.26G   0.02776   0.01482  0.001366   0.04394        33       640    0.9288    0.9407    0.9524    0.6534   0.02423  0.009411  0.005663
   192/299     5.26G   0.02806   0.01504  0.001347   0.04445        25       640    0.9288    0.9404    0.9523    0.6534   0.02423  0.009413   0.00566
   193/299     5.26G   0.02787   0.01476  0.001454   0.04409        23       640    0.9337     0.936    0.9523    0.6531   0.02423  0.009415   0.00566
   194/299     5.26G    0.0278   0.01478  0.001287   0.04386        33       640    0.9334     0.936    0.9522    0.6532   0.02423  0.009416   0.00566
   195/299     5.26G   0.02792   0.01458  0.001504   0.04401        35       640    0.9337    0.9358    0.9523    0.6534   0.02423  0.009418  0.005661
   196/299     5.26G   0.02781   0.01492  0.001447   0.04418        54       640    0.9318    0.9376    0.9523    0.6531   0.02423  0.009418  0.005665
   197/299     5.26G   0.02744   0.01451  0.001469   0.04342        29       640     0.932     0.938    0.9521    0.6531   0.02423   0.00942  0.005665
   198/299     5.26G   0.02839     0.015  0.001365   0.04475        89       640    0.9316    0.9389    0.9522    0.6533   0.02423  0.009422  0.005662
   199/299     5.26G   0.02741   0.01455   0.00143   0.04339        19       640    0.9319    0.9383    0.9521    0.6529   0.02424  0.009423  0.005664
   200/299     5.26G   0.02769   0.01462  0.001405   0.04372        20       640    0.9317    0.9386    0.9521    0.6528   0.02424  0.009425  0.005667
   201/299     5.26G   0.02726   0.01433  0.001459   0.04304        17       640     0.932    0.9386     0.952    0.6526   0.02424  0.009427  0.005671
   202/299     5.26G   0.02786   0.01453  0.001382   0.04377        38       640    0.9347    0.9363    0.9521    0.6526   0.02425  0.009429  0.005672
   203/299     5.26G   0.02769   0.01459  0.001344   0.04362        52       640    0.9334    0.9376    0.9521    0.6531   0.02425  0.009431  0.005674
   204/299     5.26G   0.02744   0.01448  0.001334   0.04326        25       640    0.9347     0.937    0.9521    0.6528   0.02426  0.009432  0.005676
   205/299     5.26G   0.02747   0.01474  0.001323   0.04353        30       640    0.9346    0.9369    0.9519    0.6528   0.02426  0.009435  0.005679
   206/299     5.26G   0.02748   0.01462  0.001349   0.04345        47       640    0.9338    0.9377     0.952     0.653   0.02426  0.009435  0.005679
   207/299     5.26G   0.02722   0.01462  0.001235   0.04308        37       640    0.9351    0.9368    0.9521    0.6533   0.02426  0.009435  0.005679
   208/299     5.26G   0.02745   0.01441  0.001373   0.04323        31       640    0.9347    0.9371    0.9518    0.6534   0.02426  0.009435   0.00568
   209/299     5.26G    0.0272   0.01406  0.001399   0.04266        15       640    0.9347     0.938    0.9518     0.653   0.02427  0.009436  0.005681
   210/299     5.26G   0.02733   0.01429  0.001402   0.04303        25       640    0.9347    0.9376    0.9518    0.6533   0.02427  0.009438  0.005685
   211/299     5.26G    0.0272    0.0145  0.001322   0.04301        13       640    0.9349    0.9369    0.9518    0.6532   0.02428  0.009441  0.005688
   212/299     5.26G   0.02702   0.01434  0.001383   0.04275        19       640     0.933    0.9391    0.9514     0.653   0.02428  0.009443   0.00569
   213/299     5.26G   0.02734   0.01452   0.00137   0.04324        29       640    0.9359    0.9368    0.9514    0.6531   0.02429  0.009444  0.005697
   214/299     5.26G    0.0271   0.01432  0.001404   0.04283        27       640    0.9353    0.9372    0.9514     0.653   0.02429  0.009446  0.005698
   215/299     5.26G   0.02679   0.01441  0.001221   0.04242        23       640    0.9354    0.9373    0.9511    0.6527   0.02429  0.009447  0.005699
   216/299     5.26G   0.02681   0.01378   0.00124   0.04183        30       640    0.9361    0.9362    0.9512    0.6523    0.0243  0.009448  0.005701
   217/299     5.26G   0.02692   0.01411  0.001386   0.04242        28       640    0.9344    0.9381    0.9511    0.6522    0.0243   0.00945  0.005705
   218/299     5.26G   0.02704   0.01428  0.001383    0.0427        33       640    0.9349    0.9378    0.9515    0.6521    0.0243  0.009451  0.005709
   219/299     5.26G   0.02711   0.01412  0.001361   0.04258        29       640    0.9347    0.9381    0.9515    0.6519    0.0243  0.009452  0.005709
   220/299     5.26G   0.02695   0.01437  0.001237   0.04256        36       640    0.9348     0.938     0.951    0.6522    0.0243  0.009453  0.005719
   221/299     5.26G    0.0264   0.01402  0.001298   0.04173        42       640    0.9348    0.9381     0.951    0.6518    0.0243  0.009454  0.005723
   222/299     5.26G   0.02666   0.01427   0.00129   0.04222        28       640    0.9346    0.9383    0.9514    0.6522    0.0243  0.009455  0.005726
   223/299     5.26G   0.02666    0.0141   0.00119   0.04194        19       640    0.9348    0.9378    0.9507    0.6518    0.0243  0.009456  0.005727
   224/299     5.26G   0.02665   0.01422  0.001221   0.04208        50       640     0.935    0.9385    0.9503    0.6515   0.02431  0.009458   0.00573
   225/299     5.26G   0.02672   0.01418  0.001259   0.04215        25       640     0.935    0.9385    0.9504    0.6517   0.02431  0.009459  0.005729
   226/299     5.26G   0.02658   0.01402  0.001229   0.04182        38       640    0.9348    0.9385    0.9504     0.652    0.0243   0.00946   0.00573
   227/299     5.26G   0.02632   0.01384  0.001216   0.04138        19       640     0.935    0.9386    0.9514    0.6516    0.0243  0.009462  0.005729
   228/299     5.26G   0.02665   0.01419  0.001187   0.04202        30       640    0.9348    0.9383    0.9513    0.6518    0.0243  0.009464  0.005729
   229/299     5.26G   0.02663   0.01398  0.001261   0.04187        26       640    0.9348    0.9384    0.9513    0.6519    0.0243  0.009465   0.00573
   230/299     5.26G   0.02624   0.01418  0.001221   0.04164        53       640    0.9347    0.9384    0.9512    0.6515    0.0243  0.009467  0.005734
   231/299     5.26G   0.02649   0.01406  0.001149   0.04169        28       640     0.935    0.9385    0.9512    0.6516    0.0243  0.009468  0.005737
   232/299     5.26G   0.02602   0.01386  0.001165   0.04105        24       640    0.9353    0.9384    0.9512    0.6513    0.0243  0.009471  0.005741
   233/299     5.26G   0.02646   0.01381  0.001189   0.04145        29       640     0.934    0.9397    0.9512    0.6514    0.0243  0.009471  0.005748
   234/299     5.26G   0.02607   0.01368  0.001129   0.04088        29       640    0.9343    0.9394    0.9513    0.6511    0.0243  0.009473  0.005752
   235/299     5.26G   0.02648   0.01399  0.001309   0.04178        28       640    0.9343    0.9394    0.9513    0.6512    0.0243  0.009474  0.005755
   236/299     5.26G   0.02645   0.01398  0.001191   0.04162        25       640    0.9346    0.9392     0.951    0.6513    0.0243  0.009476  0.005758
   237/299     5.26G    0.0258     0.014  0.001187   0.04098        14       640    0.9343    0.9394    0.9509    0.6513    0.0243  0.009477   0.00576
   238/299     5.26G   0.02611   0.01376  0.001285   0.04115        18       640    0.9342    0.9394     0.951    0.6515    0.0243  0.009478  0.005764
   239/299     5.26G   0.02596   0.01399  0.001135   0.04108        33       640    0.9343    0.9389    0.9509    0.6511    0.0243  0.009481  0.005771
   240/299     5.26G   0.02586    0.0141   0.00115   0.04111        36       640    0.9352    0.9379    0.9512    0.6509    0.0243  0.009481   0.00577
   241/299     5.26G    0.0259   0.01371  0.001208   0.04081        96       640    0.9349    0.9376    0.9509     0.651    0.0243  0.009483  0.005776
   242/299     5.26G   0.02593    0.0139  0.001274    0.0411        19       640    0.9328    0.9399    0.9513    0.6508   0.02429  0.009483  0.005782
   243/299     5.26G   0.02582   0.01396   0.00122     0.041        15       640    0.9359    0.9369    0.9514    0.6508   0.02429  0.009483  0.005783
   244/299     5.26G   0.02549   0.01366  0.001347    0.0405        32       640     0.936    0.9369    0.9513    0.6508    0.0243  0.009485  0.005784
   245/299     5.26G   0.02593   0.01394  0.001042   0.04091        26       640     0.933    0.9399    0.9514     0.651    0.0243  0.009485  0.005786
   246/299     5.26G   0.02628   0.01396  0.001178   0.04141        19       640    0.9334    0.9395    0.9514    0.6511   0.02431  0.009486  0.005786
   247/299     5.26G   0.02549   0.01374  0.001243   0.04047        22       640    0.9357    0.9371    0.9514    0.6509   0.02431  0.009486   0.00579
   248/299     5.26G   0.02608    0.0137  0.001145   0.04093        22       640     0.936     0.937    0.9514    0.6508   0.02431  0.009487   0.00579
   249/299     5.26G   0.02607   0.01412  0.001092   0.04128        28       640    0.9334    0.9395    0.9512    0.6506   0.02431  0.009488  0.005791
   250/299     5.26G   0.02614    0.0138   0.00102   0.04096        21       640    0.9334    0.9393    0.9512    0.6504   0.02432   0.00949  0.005794
   251/299     5.26G   0.02592   0.01396   0.00113   0.04101        18       640    0.9334    0.9396    0.9511    0.6504   0.02432  0.009491  0.005795
   252/299     5.26G   0.02588   0.01387  0.001046   0.04079        30       640    0.9328    0.9402    0.9512    0.6505   0.02433  0.009492  0.005796
   253/299     5.26G    0.0252   0.01342  0.001056   0.03968        17       640    0.9329    0.9402    0.9513      0.65   0.02433  0.009493  0.005797
   254/299     5.26G   0.02569   0.01357  0.001013   0.04027        26       640    0.9333    0.9406    0.9514    0.6503   0.02434  0.009494  0.005802
   255/299     5.26G   0.02531   0.01358  0.001157   0.04004        26       640    0.9332    0.9403    0.9513      0.65   0.02435  0.009496  0.005804
   256/299     5.26G   0.02545   0.01364  0.001032   0.04012        19       640    0.9333    0.9403    0.9513    0.6497   0.02435  0.009498  0.005805
   257/299     5.26G   0.02522   0.01348 0.0009685   0.03968        22       640    0.9333    0.9403    0.9513    0.6496   0.02435    0.0095  0.005807
   258/299     5.26G   0.02568   0.01376  0.001021   0.04046        31       640    0.9346    0.9386    0.9514    0.6498   0.02436  0.009502  0.005811
   259/299     5.26G   0.02552    0.0133  0.001221   0.04004        22       640    0.9345    0.9388    0.9513    0.6495   0.02436  0.009504  0.005816
   260/299     5.26G   0.02544   0.01356  0.001094   0.04009        18       640    0.9347    0.9394    0.9515    0.6492   0.02437  0.009506  0.005819
   261/299     5.26G   0.02547   0.01371  0.001205   0.04038        23       640    0.9353    0.9386    0.9514    0.6491   0.02437  0.009508  0.005824
   262/299     5.26G   0.02531   0.01344  0.001026   0.03977        23       640    0.9351    0.9389    0.9514    0.6492   0.02438  0.009509  0.005826
   263/299     5.26G   0.02512   0.01345  0.001133    0.0397        25       640    0.9351    0.9389    0.9515    0.6494   0.02438  0.009511  0.005828
   264/299     5.26G   0.02515   0.01364  0.001092   0.03988        22       640    0.9352    0.9389    0.9515    0.6494   0.02439  0.009514  0.005832
   265/299     5.26G   0.02551    0.0137  0.001042   0.04025        15       640    0.9352    0.9389    0.9515    0.6492   0.02439  0.009517  0.005835
   266/299     5.26G   0.02544   0.01328  0.001145   0.03987        72       640    0.9341    0.9402    0.9516    0.6493   0.02439  0.009518  0.005837
   267/299     5.26G   0.02502   0.01328    0.0012    0.0395        22       640    0.9343    0.9402    0.9517    0.6492   0.02439  0.009519  0.005836
   268/299     5.26G    0.0246   0.01321  0.001121   0.03893        18       640    0.9344    0.9402    0.9517    0.6493    0.0244  0.009521   0.00584
   269/299     5.26G   0.02565   0.01354 0.0009997   0.04019        25       640    0.9343    0.9399    0.9516    0.6493    0.0244  0.009523  0.005843
   270/299     5.26G   0.02484   0.01343  0.001132    0.0394        37       640    0.9341    0.9405    0.9517    0.6489   0.02441  0.009525  0.005846
   271/299     5.26G   0.02526   0.01361  0.001154   0.04003        31       640    0.9356    0.9386    0.9517    0.6491   0.02441  0.009526  0.005847
   272/299     5.26G   0.02461   0.01314  0.001094   0.03884        20       640    0.9356    0.9386    0.9517     0.649   0.02441  0.009528   0.00585
   273/299     5.26G    0.0249   0.01338  0.001081   0.03936        22       640    0.9359    0.9384    0.9518    0.6489   0.02441  0.009528   0.00585
   274/299     5.26G   0.02499    0.0135  0.001122   0.03961        27       640    0.9343    0.9402    0.9517    0.6486   0.02441  0.009531  0.005853
   275/299     5.26G   0.02536   0.01344   0.00106   0.03985        21       640    0.9364    0.9378    0.9517    0.6487   0.02442  0.009532  0.005857
   276/299     5.26G   0.02517   0.01334  0.001096   0.03961        15       640    0.9364    0.9378    0.9517    0.6486   0.02442  0.009534  0.005861
   277/299     5.26G   0.02499   0.01352  0.001057   0.03957        33       640    0.9364    0.9381    0.9518    0.6486   0.02443  0.009534  0.005861
   278/299     5.26G   0.02488   0.01318 0.0009832   0.03904        39       640    0.9363    0.9381    0.9521    0.6491   0.02443  0.009536  0.005864
   279/299     5.26G   0.02534    0.0135  0.001056    0.0399        18       640    0.9364    0.9381     0.952    0.6487   0.02443  0.009538  0.005868
   280/299     5.26G   0.02435   0.01292 0.0009884   0.03826        45       640    0.9364    0.9381    0.9521    0.6489   0.02444  0.009539  0.005871
   281/299     5.26G   0.02509   0.01366  0.001033   0.03978       105       640    0.9363    0.9381    0.9521    0.6492   0.02444   0.00954  0.005876
   282/299     5.26G   0.02493   0.01336  0.001164   0.03945        39       640     0.936    0.9384    0.9521     0.649   0.02445  0.009543  0.005876
   283/299     5.26G   0.02471   0.01333  0.001017   0.03905        21       640    0.9361    0.9384    0.9524     0.649   0.02445  0.009545  0.005876
   284/299     5.26G   0.02511   0.01329  0.001064   0.03946        28       640    0.9361    0.9384    0.9521    0.6493   0.02445  0.009547  0.005878
   285/299     5.26G   0.02472   0.01297  0.001081   0.03877        24       640    0.9342    0.9405    0.9525    0.6493   0.02446  0.009548  0.005879
   286/299     5.26G   0.02422   0.01278  0.001038   0.03804        15       640    0.9343    0.9409    0.9526    0.6492   0.02446  0.009549  0.005877
   287/299     5.26G   0.02467   0.01332  0.001077   0.03907        22       640    0.9346    0.9404    0.9525    0.6494   0.02447  0.009551  0.005876
   288/299     5.26G   0.02461   0.01343  0.001082   0.03912        31       640    0.9346    0.9404    0.9527    0.6493   0.02447  0.009553  0.005873
   289/299     5.26G   0.02445   0.01316  0.001025   0.03863        18       640    0.9345    0.9404    0.9527    0.6493   0.02448  0.009555  0.005874
   290/299     5.26G   0.02477   0.01345  0.001044   0.03926        19       640    0.9346    0.9402    0.9526    0.6491   0.02448  0.009556  0.005875
   291/299     5.26G   0.02447   0.01307  0.001032   0.03858        36       640    0.9346    0.9402    0.9527    0.6493   0.02448  0.009557  0.005878
   292/299     5.26G   0.02433   0.01315  0.001032   0.03852        40       640    0.9351      0.94    0.9527    0.6494   0.02448  0.009559  0.005876
   293/299     5.26G   0.02452   0.01304  0.001029   0.03859        41       640     0.936    0.9391    0.9525    0.6492   0.02449   0.00956  0.005875
   294/299     5.26G   0.02461   0.01317  0.001135   0.03891        30       640    0.9338    0.9412    0.9526     0.649   0.02449  0.009561  0.005878
   295/299     5.26G   0.02437   0.01297    0.0011   0.03845        40       640    0.9338    0.9411    0.9526    0.6492   0.02449  0.009563  0.005876
   296/299     5.26G   0.02477   0.01324 0.0009976   0.03901        30       640    0.9337    0.9412    0.9526    0.6492    0.0245  0.009565  0.005877
   297/299     5.26G   0.02483   0.01323  0.001049   0.03911        37       640    0.9335    0.9414    0.9526     0.649    0.0245  0.009567  0.005879
   298/299     5.26G   0.02438   0.01293 0.0009874    0.0383        54       640    0.9336    0.9412    0.9527    0.6493    0.0245  0.009569   0.00588
   299/299     5.26G   0.02439   0.01318  0.001077   0.03865        22       640    0.9335     0.941    0.9527    0.6495    0.0245   0.00957  0.005882
