     0/299      3.5G   0.09783   0.03504   0.02254    0.1554        36       640  0.001299    0.2406 0.0003956 6.314e-05   0.08293   0.02469     0.023
     1/299     4.94G    0.0879   0.03862   0.01942    0.1459        55       640   0.04404   0.08236   0.02516  0.005779   0.06794   0.02879   0.02165
     2/299     4.94G   0.07622   0.03692   0.01635    0.1295        54       640    0.3846    0.3238    0.2847   0.09553   0.05471    0.0245   0.01529
     3/299     4.94G   0.06901   0.03106   0.01174    0.1118        35       640    0.4134    0.3803    0.3178    0.0852   0.05586   0.02067   0.01466
     4/299     4.94G   0.06259   0.02857   0.01017    0.1013        83       640    0.3012    0.4777    0.2514    0.1012   0.04753   0.01977   0.01927
     5/299     4.94G   0.05624   0.02667  0.008765   0.09167        30       640    0.7721     0.677    0.7352    0.3792   0.03836   0.01631  0.008753
     6/299     4.94G   0.05158   0.02504  0.007637   0.08425        49       640    0.7142    0.7413    0.6732    0.3383   0.03878   0.01422  0.009194
     7/299     4.94G   0.04875   0.02365  0.006749   0.07916        38       640    0.7902    0.7865    0.7756    0.4099   0.03608   0.01287  0.008738
     8/299     4.94G   0.04736   0.02341  0.006475   0.07725        60       640    0.8245    0.7841    0.8287    0.4516   0.03445   0.01413  0.008411
     9/299     4.94G   0.04575   0.02277  0.006214   0.07473        33       640    0.8417    0.8002    0.8532    0.4773   0.03422   0.01233  0.008738
    10/299     4.94G   0.04402   0.02171  0.005914   0.07165        38       640    0.8518    0.8564    0.8734    0.5134   0.03182   0.01176  0.007382
    11/299     4.94G   0.04372   0.02158  0.005525   0.07082        54       640     0.865     0.827    0.8634     0.508   0.03224   0.01171  0.007584
    12/299     4.94G   0.04292   0.02135  0.005062   0.06933        34       640    0.8632    0.8558    0.8857     0.535   0.02988   0.01166  0.007677
    13/299     4.94G   0.04221   0.02109  0.005301   0.06861        53       640    0.8682    0.8695    0.8874    0.5415   0.02985   0.01118  0.007358
    14/299     4.94G   0.04088   0.02074  0.005081    0.0667        46       640    0.8529    0.8527    0.8801    0.5311   0.03066   0.01161  0.007769
    15/299     4.94G    0.0413   0.02099  0.004683   0.06698        72       640     0.879    0.8526     0.892    0.5538   0.02923   0.01101  0.007899
    16/299     4.94G   0.04052   0.02043  0.004597   0.06555       124       640      0.87    0.8786    0.8925    0.5458   0.02918   0.01096  0.007371
    17/299     4.94G   0.03955   0.02023  0.004357   0.06413        32       640    0.8758    0.8873     0.902    0.5633   0.02868   0.01066   0.00701
    18/299     4.94G   0.03969   0.02011  0.004687   0.06449        34       640    0.8814    0.8717    0.8962    0.5607   0.02905   0.01086  0.007596
    19/299     4.94G   0.03936   0.01973  0.004424   0.06352        36       640    0.8931    0.8729    0.9003     0.557    0.0285   0.01073  0.007571
    20/299     4.94G   0.03902   0.01968  0.004329   0.06303        37       640    0.8988    0.8779    0.9068    0.5739   0.02789   0.01078  0.007391
    21/299     4.94G    0.0385   0.01992  0.004142   0.06256        51       640    0.8897    0.8838     0.903    0.5691   0.02793   0.01055  0.007259
    22/299     4.94G   0.03849   0.01996  0.003979   0.06243        98       640    0.9011    0.8705     0.911    0.5798    0.0277   0.01081  0.007945
    23/299     4.94G   0.03816   0.01957  0.004188   0.06192        67       640    0.8956    0.8935    0.9119     0.577   0.02789   0.01078  0.007063
    24/299     4.94G   0.03761   0.01919  0.003906    0.0607        56       640    0.9037    0.8629    0.9048    0.5761    0.0285   0.01072  0.007086
    25/299     4.94G   0.03729   0.01935  0.003951   0.06058        51       640    0.9031    0.8961    0.9166    0.5922   0.02706   0.01041  0.007104
    26/299     4.94G   0.03725   0.01927  0.003998   0.06051        38       640    0.9009    0.9036    0.9236    0.5963   0.02701   0.01015  0.006841
    27/299     4.94G   0.03672   0.01885  0.003937    0.0595        41       640    0.8998    0.8931    0.9113    0.5874   0.02688   0.01013  0.007403
    28/299     4.94G   0.03681   0.01887   0.00372    0.0594        84       640    0.8938    0.9014     0.919    0.6021   0.02723   0.01023  0.006765
    29/299     4.94G   0.03668   0.01887  0.003601   0.05915        53       640    0.8993    0.8957    0.9153    0.5879    0.0271   0.01063  0.007624
    30/299     4.94G   0.03653   0.01863  0.003879   0.05904        38       640    0.9113    0.8982    0.9249    0.5978   0.02729   0.01009  0.006751
    31/299     4.94G   0.03634   0.01848  0.003741   0.05857        34       640      0.91    0.8917    0.9266    0.5968   0.02801   0.01019  0.006641
    32/299     4.94G   0.03582   0.01847  0.003564   0.05785        36       640    0.9073    0.9028    0.9228    0.6008   0.02773   0.01025   0.00721
    33/299     4.94G   0.03575   0.01809  0.003738   0.05758        34       640    0.8949    0.9079    0.9207    0.5961   0.02704   0.01011  0.006827
    34/299     4.94G   0.03578   0.01809  0.003481   0.05735        36       640    0.9053    0.9087    0.9225     0.601   0.02686   0.01015  0.006953
    35/299     4.94G   0.03587   0.01839  0.003676   0.05794        64       640     0.914    0.8999    0.9283     0.611   0.02651   0.01014  0.006956
    36/299     4.94G   0.03592   0.01835  0.003384   0.05765        52       640    0.9066     0.899    0.9241    0.6072   0.02672  0.009881  0.007159
    37/299     4.94G   0.03528   0.01826  0.003292   0.05683        54       640    0.9065    0.9136    0.9315    0.6178   0.02646   0.01006  0.007096
    38/299     4.94G   0.03505   0.01805   0.00323   0.05633        53       640    0.9121    0.9003    0.9231    0.5988   0.02643   0.01012  0.006617
    39/299     4.94G   0.03467   0.01823  0.003677   0.05658        51       640    0.9151    0.8943    0.9293    0.6164   0.02627   0.00999  0.007122
    40/299     4.94G   0.03501   0.01819  0.003055   0.05625        48       640    0.9064    0.9051    0.9268    0.6076   0.02618   0.01001  0.007266
    41/299     4.94G   0.03537   0.01826  0.003385   0.05701        54       640    0.9002    0.9114    0.9262    0.6129   0.02613  0.009991  0.006903
    42/299     4.94G   0.03491   0.01839  0.003386   0.05669        37       640    0.8969    0.9115    0.9236    0.6048   0.02697   0.01005  0.007137
    43/299     4.94G   0.03419    0.0179   0.00312   0.05521        71       640    0.9104    0.9081    0.9307    0.6088   0.02672  0.009948  0.006635
    44/299     4.94G   0.03466   0.01808   0.00323   0.05597        79       640    0.9034    0.9112    0.9249    0.6119   0.02574  0.009822  0.007255
    45/299     4.94G   0.03395   0.01771  0.003309   0.05496        56       640    0.9148    0.9107    0.9332    0.6179   0.02628  0.009751  0.006824
    46/299     4.94G    0.0348   0.01765  0.003394   0.05584        60       640    0.9019    0.9159     0.933    0.6224    0.0258  0.009987  0.006389
    47/299     4.94G   0.03416   0.01757  0.003135   0.05486        44       640    0.9155    0.9077    0.9349    0.6252   0.02568  0.009718    0.0072
    48/299     4.94G   0.03439   0.01795  0.003151   0.05549        35       640    0.9003    0.9171    0.9328    0.6183   0.02583  0.009793  0.006969
    49/299     4.94G   0.03422   0.01781  0.003046   0.05508        28       640    0.9053    0.9159    0.9331     0.612   0.02668  0.009853  0.006796
    50/299     4.94G   0.03382   0.01792   0.00292   0.05465        36       640    0.9167     0.908    0.9357    0.6182   0.02552  0.009707  0.007132
    51/299     4.94G   0.03419   0.01729  0.003024    0.0545        47       640     0.916    0.9168    0.9388    0.6286   0.02598  0.009772  0.007087
    52/299     4.94G   0.03399   0.01751  0.002768   0.05427        35       640    0.9077    0.9158    0.9325    0.6218   0.02571  0.009831  0.007617
    53/299     4.94G   0.03364   0.01755  0.002927   0.05412        37       640    0.9125    0.9254    0.9396    0.6253   0.02557  0.009785  0.007731
    54/299     4.94G   0.03404    0.0175  0.002947   0.05449        43       640    0.8989    0.9192    0.9333    0.6175   0.02551  0.009872  0.007279
    55/299     4.94G   0.03358    0.0173   0.00278   0.05366        30       640     0.908    0.9256    0.9355    0.6232   0.02529  0.009594  0.007246
    56/299     4.94G   0.03332   0.01715  0.002913   0.05337        27       640    0.9142    0.9117    0.9355    0.6248   0.02533  0.009779  0.007178
    57/299     4.94G   0.03329   0.01736     0.003   0.05365        58       640    0.9107    0.9155    0.9357    0.6277   0.02593  0.009659  0.007309
    58/299     4.94G    0.0333   0.01758  0.002934   0.05382        45       640    0.9105    0.9195    0.9391    0.6262    0.0258  0.009746  0.007238
    59/299     4.94G     0.033   0.01734  0.002809   0.05315        40       640    0.9125    0.9207    0.9411    0.6276   0.02519   0.00966  0.006671
    60/299     4.94G   0.03289   0.01719  0.002771   0.05285        71       640    0.9158    0.9194    0.9409    0.6282   0.02553  0.009634  0.006405
    61/299     4.94G   0.03352    0.0174  0.003018   0.05394        56       640    0.9158    0.9254    0.9416    0.6374   0.02568  0.009562  0.006711
    62/299     4.94G   0.03327   0.01723  0.002664   0.05316       139       640    0.9221    0.9082    0.9384    0.6286   0.02529  0.009576  0.007114
    63/299     4.94G   0.03279   0.01682  0.002782   0.05238        34       640    0.9195    0.9137    0.9388     0.628   0.02579  0.009668  0.006942
    64/299     4.94G   0.03356    0.0171  0.002767   0.05343        58       640    0.9124    0.9183    0.9379    0.6315   0.02543  0.009626  0.007061
    65/299     4.94G   0.03266   0.01721  0.002652   0.05252        61       640    0.9171    0.9164    0.9389    0.6309   0.02529  0.009704  0.007244
    66/299     4.94G   0.03304   0.01725   0.00248   0.05278        45       640    0.9219    0.9159    0.9391    0.6345   0.02499  0.009567  0.007148
    67/299     4.94G   0.03292   0.01719  0.002822   0.05293        41       640     0.919    0.9189    0.9402    0.6302    0.0254  0.009621  0.007108
    68/299     4.94G   0.03259   0.01691  0.002807    0.0523        40       640    0.9158     0.919    0.9397    0.6337   0.02492  0.009631  0.007012
    69/299     4.94G   0.03262   0.01705  0.002707   0.05238        31       640    0.9237    0.9204      0.94     0.633    0.0251  0.009607  0.007169
    70/299     4.94G   0.03285   0.01708  0.002774    0.0527        36       640    0.9146    0.9282    0.9408    0.6354   0.02505  0.009587  0.006678
    71/299     4.94G   0.03242   0.01702  0.002547   0.05198        29       640     0.921    0.9225     0.939    0.6279   0.02501  0.009659  0.006883
    72/299     4.94G   0.03241    0.0169  0.002535   0.05184        61       640    0.9221    0.9243    0.9431    0.6349   0.02498    0.0095  0.006785
    73/299     4.94G   0.03205   0.01686  0.002522   0.05142        47       640    0.9286    0.9199    0.9442    0.6392   0.02482  0.009556  0.006701
    74/299     4.94G    0.0323   0.01692  0.002681   0.05191        36       640     0.914    0.9269    0.9415    0.6338   0.02491  0.009566  0.007157
    75/299     4.94G   0.03219   0.01652  0.002296     0.051        46       640     0.919    0.9259    0.9414    0.6349    0.0249  0.009555  0.007008
    76/299     4.94G   0.03222   0.01719  0.002535   0.05194        42       640    0.9192    0.9273     0.943    0.6383   0.02489  0.009502  0.006807
    77/299     4.94G   0.03187   0.01654  0.002558   0.05096        42       640     0.918    0.9262    0.9422     0.636   0.02475  0.009512  0.007252
    78/299     4.94G   0.03181   0.01645   0.00221   0.05047        43       640    0.9168    0.9283    0.9416    0.6388   0.02461  0.009516  0.007295
    79/299     4.94G   0.03209   0.01693  0.002246   0.05127        43       640    0.9263    0.9164    0.9418    0.6382   0.02476  0.009575  0.006823
    80/299     4.94G   0.03229   0.01696    0.0026   0.05185        36       640    0.9227    0.9281    0.9414    0.6379   0.02472  0.009495  0.007037
    81/299     4.94G   0.03156    0.0167  0.002254   0.05052        68       640    0.9275    0.9193    0.9412    0.6387   0.02482  0.009471  0.006863
    82/299     4.94G   0.03228   0.01694  0.002286   0.05151        48       640    0.9194    0.9302    0.9429    0.6403   0.02456  0.009478  0.007189
    83/299     4.94G    0.0318   0.01661  0.002231   0.05064        42       640    0.9192    0.9285    0.9417    0.6424   0.02459  0.009452  0.007234
    84/299     4.94G   0.03218   0.01671  0.002404   0.05129        44       640    0.9222    0.9197    0.9405    0.6402   0.02464  0.009519  0.007192
    85/299     4.94G     0.032   0.01668  0.002388   0.05107        39       640    0.9176    0.9322    0.9428    0.6393   0.02476  0.009487  0.006886
    86/299     4.94G   0.03144   0.01659  0.002244   0.05027        40       640    0.9252      0.93    0.9438    0.6374    0.0246  0.009465  0.007155
    87/299     4.94G    0.0314   0.01649  0.002482   0.05036        41       640    0.9239    0.9279    0.9422    0.6412   0.02459  0.009454  0.007011
    88/299     4.94G   0.03204   0.01674  0.002365   0.05115        36       640    0.9224    0.9294    0.9421    0.6422   0.02454  0.009468  0.007391
    89/299     4.94G   0.03121   0.01619  0.002356   0.04976        39       640    0.9159    0.9341    0.9421    0.6393    0.0245  0.009469  0.007239
    90/299     4.94G   0.03136   0.01648  0.002305   0.05015        34       640    0.9169    0.9339    0.9416    0.6382    0.0245   0.00952   0.00726
    91/299     4.94G   0.03153   0.01646  0.002192   0.05018        56       640    0.9195    0.9329    0.9414    0.6369   0.02462  0.009469  0.006959
    92/299     4.94G   0.03137   0.01661  0.002182   0.05016        47       640    0.9285    0.9189    0.9423    0.6401   0.02459  0.009492  0.006944
    93/299     4.94G   0.03127   0.01652  0.002173   0.04996        59       640    0.9233    0.9237    0.9436    0.6396   0.02448   0.00943  0.007133
    94/299     4.94G   0.03114   0.01628  0.002351   0.04977        33       640    0.9193    0.9306    0.9425    0.6408    0.0245  0.009467  0.007058
    95/299     4.94G   0.03123   0.01629  0.002315   0.04983        48       640    0.9213    0.9303    0.9435    0.6437   0.02441  0.009459  0.007132
    96/299     4.94G   0.03105   0.01629   0.00222   0.04956        47       640    0.9202    0.9316     0.943    0.6406   0.02435  0.009449   0.00701
    97/299     4.94G   0.03086   0.01628   0.00223   0.04937        69       640    0.9195    0.9321    0.9429    0.6398   0.02434  0.009434  0.006688
    98/299     4.94G   0.03133   0.01646  0.002008    0.0498        91       640    0.9216    0.9311    0.9445    0.6422    0.0243  0.009392  0.006667
    99/299     4.94G   0.03121   0.01623  0.002195   0.04964        56       640    0.9301    0.9249    0.9444    0.6429   0.02441  0.009431  0.006593
   100/299     4.94G   0.03131    0.0165  0.002357   0.05016        57       640    0.9259    0.9275    0.9439    0.6424   0.02451  0.009428  0.006807
   101/299     4.94G    0.0309   0.01596  0.002166   0.04903        45       640    0.9221    0.9325    0.9435    0.6436    0.0244  0.009415  0.006733
   102/299     4.94G   0.03059   0.01602  0.002002   0.04862        40       640    0.9319    0.9214     0.944    0.6448   0.02438  0.009401  0.006809
   103/299     4.94G   0.03062   0.01594  0.002329   0.04888        49       640     0.923    0.9325    0.9438    0.6458    0.0243  0.009396  0.006766
   104/299     4.94G   0.03095   0.01615  0.001877   0.04897        68       640    0.9278    0.9287     0.945    0.6455   0.02423  0.009408  0.006895
   105/299     4.94G   0.03072   0.01625  0.002099   0.04907        35       640    0.9243    0.9311    0.9454    0.6446   0.02421  0.009448  0.007061
   106/299     4.94G   0.03058   0.01591  0.002106   0.04859        75       640    0.9213    0.9346    0.9451    0.6441   0.02423  0.009478  0.006985
   107/299     4.94G   0.03035   0.01616  0.002102   0.04861        72       640    0.9179    0.9314    0.9443     0.644   0.02422  0.009481  0.006807
   108/299     4.94G   0.03102   0.01623  0.002081   0.04932        81       640    0.9295    0.9208     0.944    0.6437   0.02427  0.009464  0.006797
   109/299     4.94G   0.03045   0.01611  0.001876   0.04844        44       640    0.9319    0.9208    0.9447    0.6451   0.02432  0.009419  0.006695
   110/299     4.94G   0.03073   0.01629  0.002071    0.0491        43       640    0.9241    0.9298    0.9447    0.6449   0.02426  0.009424  0.006609
   111/299     4.94G   0.03015   0.01579  0.002023   0.04796        40       640    0.9211    0.9336    0.9449    0.6448   0.02414  0.009406  0.006693
   112/299     4.94G   0.03026     0.016  0.001977   0.04824        64       640    0.9189    0.9359    0.9445    0.6461   0.02404  0.009404  0.006996
   113/299     4.94G   0.02997   0.01606  0.002041   0.04807        66       640    0.9218    0.9315     0.944    0.6448   0.02405  0.009416  0.006983
   114/299     4.94G   0.03062   0.01598  0.001903   0.04851        38       640    0.9235    0.9325     0.944     0.644   0.02411  0.009434  0.007097
   115/299     4.94G   0.03063     0.016  0.001884   0.04852        42       640    0.9209    0.9349    0.9438    0.6438   0.02403  0.009417  0.007297
   116/299     4.94G   0.02991   0.01615  0.001974   0.04803        59       640    0.9204    0.9363    0.9448    0.6439   0.02404  0.009424  0.007263
   117/299     4.94G   0.03027   0.01583  0.001948   0.04805        42       640    0.9279    0.9311    0.9455     0.645   0.02408  0.009417  0.007271
   118/299     4.94G   0.03033   0.01603  0.001882   0.04824        32       640    0.9231     0.935    0.9436     0.644   0.02407  0.009432  0.007431
   119/299     4.94G   0.03012   0.01567  0.001899   0.04769        34       640    0.9242    0.9342    0.9448    0.6447   0.02404   0.00942  0.007353
   120/299     4.94G   0.03011   0.01549  0.001836   0.04744        33       640     0.923    0.9352    0.9438     0.646   0.02403   0.00942  0.007379
   121/299     4.94G   0.03034   0.01567  0.001875   0.04788        37       640    0.9222    0.9362     0.944    0.6451   0.02402  0.009446  0.007359
   122/299     4.94G   0.02964   0.01558  0.001969   0.04718        53       640    0.9246    0.9354    0.9445    0.6466   0.02402  0.009439  0.007321
   123/299     4.94G    0.0299   0.01554  0.001789   0.04724        36       640    0.9227    0.9362    0.9446    0.6455   0.02402   0.00942  0.007303
   124/299     4.94G   0.02978   0.01579  0.001967   0.04754        32       640    0.9273    0.9325     0.945    0.6447   0.02402  0.009411  0.007237
   125/299     4.94G   0.03031   0.01578   0.00225   0.04834        28       640    0.9241    0.9339    0.9453    0.6451     0.024  0.009401  0.007225
   126/299     4.94G   0.03004   0.01583  0.001892   0.04776        56       640    0.9261    0.9316    0.9453    0.6463   0.02399  0.009387  0.007256
   127/299     4.94G   0.02982   0.01588  0.001839   0.04754        50       640    0.9213    0.9373    0.9451    0.6471   0.02399  0.009384  0.007257
   128/299     4.94G   0.02999   0.01589  0.001929    0.0478        45       640    0.9221    0.9373    0.9456    0.6467     0.024  0.009384   0.00723
   129/299     4.94G   0.02955    0.0158  0.001981   0.04733        46       640    0.9218    0.9378    0.9454    0.6474   0.02402  0.009374  0.007195
   130/299     4.94G   0.02986   0.01562  0.001803   0.04728        77       640     0.929    0.9328    0.9465    0.6473   0.02402  0.009377  0.007244
   131/299     4.94G   0.02986   0.01559    0.0018   0.04725        34       640    0.9296    0.9314    0.9464    0.6468   0.02403   0.00939   0.00728
   132/299     4.94G   0.02969   0.01552  0.001988    0.0472        44       640    0.9302     0.932    0.9468    0.6471   0.02406  0.009398   0.00732
   133/299     4.94G   0.02924   0.01525  0.001751   0.04624        70       640    0.9278    0.9333    0.9464    0.6467   0.02405  0.009396  0.007394
   134/299     4.94G   0.02949   0.01543  0.001797   0.04672        38       640    0.9225    0.9388    0.9473    0.6473   0.02405  0.009403  0.007439
   135/299     4.94G   0.02935   0.01543  0.001644   0.04642        57       640    0.9267    0.9357    0.9476    0.6478   0.02406  0.009413  0.007459
   136/299     4.94G   0.02968    0.0154  0.001722   0.04681        40       640    0.9268    0.9349    0.9478    0.6488   0.02405   0.00941  0.007536
   137/299     4.94G   0.02955   0.01562  0.001764   0.04693        41       640    0.9234    0.9387    0.9474    0.6485   0.02406  0.009409  0.007609
   138/299     4.94G   0.02933   0.01532  0.001843    0.0465        45       640    0.9182    0.9432    0.9477    0.6491   0.02409  0.009409  0.007646
   139/299     4.94G   0.02937   0.01569  0.001633   0.04669        44       640    0.9225    0.9385    0.9477    0.6491   0.02411  0.009409  0.007649
   140/299     4.94G   0.02951   0.01529  0.001823   0.04662        51       640    0.9217    0.9398    0.9474    0.6488   0.02411  0.009412  0.007662
   141/299     4.94G   0.02952   0.01567  0.001768   0.04695        63       640     0.922    0.9399    0.9471    0.6489    0.0241  0.009415  0.007663
   142/299     4.94G   0.02886    0.0152  0.001652   0.04571        46       640    0.9246    0.9377    0.9475    0.6492   0.02409  0.009419  0.007682
   143/299     4.94G   0.02961   0.01556  0.001724   0.04689        35       640     0.925    0.9373    0.9478     0.649   0.02407  0.009416  0.007687
   144/299     4.94G    0.0288   0.01529   0.00166   0.04575        48       640    0.9229    0.9391    0.9467    0.6489   0.02408  0.009412  0.007713
   145/299     4.94G   0.02889   0.01547  0.001759   0.04612        47       640    0.9219    0.9407    0.9465    0.6488   0.02408  0.009416  0.007723
   146/299     4.94G    0.0289   0.01526  0.001732   0.04589        39       640     0.922    0.9399    0.9462    0.6489   0.02407  0.009415  0.007735
   147/299     4.94G   0.02915   0.01529  0.001545   0.04599        90       640    0.9185    0.9437    0.9465    0.6494   0.02405  0.009413  0.007746
   148/299     4.94G   0.02889   0.01504  0.001722   0.04565        45       640    0.9267    0.9345    0.9465    0.6487   0.02404  0.009416  0.007771
   149/299     4.94G   0.02932   0.01553  0.001606   0.04645        43       640    0.9261    0.9355    0.9464    0.6482   0.02402   0.00942  0.007793
   150/299     4.94G   0.02878   0.01526  0.001617   0.04566        38       640    0.9278    0.9354    0.9465    0.6485   0.02401   0.00942   0.00781
   151/299     4.94G   0.02899   0.01532   0.00171   0.04602        37       640    0.9234    0.9396    0.9464    0.6482     0.024   0.00942  0.007816
   152/299     4.94G   0.02904   0.01546  0.001694   0.04619        62       640    0.9244    0.9388    0.9463    0.6479   0.02398  0.009421  0.007793
   153/299     4.94G   0.02861   0.01527  0.001616    0.0455        47       640    0.9222    0.9404    0.9465    0.6487   0.02397  0.009418  0.007798
   154/299     4.94G   0.02896   0.01521  0.001533   0.04571        33       640    0.9225    0.9407    0.9464    0.6483   0.02395  0.009419  0.007784
   155/299     4.94G   0.02865   0.01509  0.001671   0.04541        52       640     0.927    0.9365    0.9462    0.6485   0.02394  0.009421  0.007784
   156/299     4.94G    0.0286   0.01513  0.001574    0.0453        48       640    0.9241    0.9391    0.9463    0.6488   0.02393   0.00942  0.007783
   157/299     4.94G   0.02862   0.01516  0.001616   0.04539        50       640    0.9254    0.9384    0.9464    0.6488   0.02393  0.009423   0.00778
   158/299     4.94G   0.02894   0.01536  0.001629   0.04592        70       640    0.9259    0.9386    0.9462    0.6485   0.02393  0.009424  0.007774
   159/299     4.94G   0.02834   0.01524  0.001531   0.04511        37       640    0.9257    0.9386     0.946    0.6483   0.02393  0.009428  0.007763
   160/299     4.94G   0.02843   0.01472  0.001454    0.0446        46       640    0.9286     0.934    0.9458    0.6486   0.02392  0.009429  0.007757
   161/299     4.94G   0.02839   0.01507  0.001497   0.04496        30       640    0.9252    0.9369    0.9461    0.6491   0.02391  0.009427  0.007764
   162/299     4.94G   0.02788   0.01462  0.001567   0.04407        54       640    0.9251    0.9365    0.9462    0.6487   0.02392  0.009425  0.007742
   163/299     4.94G   0.02822   0.01512  0.001423   0.04477        51       640    0.9252    0.9366    0.9463    0.6488   0.02392  0.009427  0.007734
   164/299     4.94G   0.02829   0.01501  0.001565   0.04486        37       640    0.9251    0.9362    0.9463    0.6493   0.02392  0.009426  0.007732
   165/299     4.94G   0.02878   0.01515  0.001526   0.04546        29       640     0.925    0.9364    0.9466     0.649   0.02392  0.009429  0.007734
   166/299     4.94G   0.02765   0.01472  0.001611   0.04398        46       640    0.9237    0.9386    0.9461    0.6484   0.02393  0.009431  0.007706
   167/299     4.94G   0.02817   0.01495   0.00153   0.04465        42       640    0.9261    0.9365    0.9462    0.6485   0.02393  0.009432  0.007694
   168/299     4.94G   0.02809    0.0149  0.001572   0.04457        70       640    0.9242    0.9389    0.9462     0.648   0.02393  0.009431   0.00768
   169/299     4.94G   0.02826   0.01498  0.001408   0.04464        50       640    0.9251    0.9382    0.9463    0.6485   0.02395  0.009432  0.007681
   170/299     4.94G   0.02829   0.01484  0.001523   0.04465        44       640    0.9258    0.9374    0.9463    0.6486   0.02395  0.009433  0.007687
   171/299     4.94G   0.02831   0.01499  0.001368   0.04466        44       640    0.9256    0.9378    0.9464     0.649   0.02395  0.009434  0.007691
   172/299     4.94G   0.02786   0.01492  0.001526    0.0443        53       640    0.9251    0.9381    0.9463    0.6493   0.02395  0.009435  0.007698
   173/299     4.94G   0.02801    0.0146  0.001452   0.04406        48       640    0.9253    0.9376    0.9464    0.6488   0.02395  0.009436  0.007698
   174/299     4.94G   0.02787   0.01446  0.001628   0.04396        58       640    0.9274     0.935    0.9465    0.6487   0.02395  0.009438  0.007694
   175/299     4.94G   0.02771   0.01467  0.001328   0.04371        59       640    0.9241    0.9386    0.9466     0.649   0.02394  0.009438  0.007698
   176/299     4.94G   0.02792   0.01496  0.001324    0.0442        39       640    0.9244    0.9381    0.9467    0.6487   0.02394  0.009438  0.007706
   177/299     4.94G   0.02732   0.01466  0.001496   0.04348        60       640    0.9243    0.9392    0.9469     0.649   0.02394  0.009439  0.007708
   178/299     4.94G   0.02746   0.01444  0.001558   0.04346        62       640    0.9229    0.9402    0.9469    0.6493   0.02394  0.009438  0.007709
   179/299     4.94G   0.02786   0.01449   0.00147   0.04382        69       640    0.9219    0.9414    0.9472    0.6491   0.02394   0.00944  0.007708
   180/299     4.94G   0.02756   0.01451  0.001351   0.04342        60       640    0.9216    0.9418    0.9473     0.649   0.02394   0.00944  0.007723
   181/299     4.94G   0.02719   0.01418  0.001294   0.04266        27       640     0.924    0.9391    0.9473    0.6493   0.02393   0.00944  0.007738
   182/299     4.94G   0.02773   0.01464  0.001505   0.04387        60       640    0.9216    0.9419    0.9473    0.6493   0.02393  0.009441  0.007743
   183/299     4.94G   0.02732   0.01452  0.001354   0.04319        49       640    0.9215    0.9418    0.9471    0.6489   0.02393  0.009442  0.007743
   184/299     4.94G    0.0272   0.01449   0.00131   0.04299        32       640    0.9224    0.9412    0.9471    0.6487   0.02393  0.009443  0.007747
   185/299     4.94G   0.02739   0.01456  0.001394   0.04334        33       640    0.9217    0.9416    0.9471    0.6486   0.02393  0.009443  0.007752
   186/299     4.94G    0.0273   0.01422  0.001297   0.04282        43       640    0.9214    0.9416    0.9472    0.6487   0.02393  0.009443  0.007756
   187/299     4.94G   0.02748   0.01464  0.001393   0.04352        55       640    0.9248    0.9381    0.9474    0.6486   0.02392  0.009443  0.007754
   188/299     4.94G   0.02764   0.01474  0.001309   0.04369       105       640    0.9249    0.9381    0.9474    0.6486   0.02392  0.009443  0.007757
   189/299     4.94G   0.02769   0.01471   0.00135   0.04375        45       640    0.9244    0.9388    0.9471    0.6485   0.02393  0.009444  0.007766
   190/299     4.94G   0.02709    0.0142  0.001274   0.04257        35       640    0.9244    0.9394    0.9471    0.6483   0.02393  0.009445  0.007772
   191/299     4.94G   0.02739   0.01456  0.001278   0.04323        52       640    0.9248    0.9392    0.9471    0.6484   0.02393  0.009447   0.00778
   192/299     4.94G   0.02704   0.01421  0.001418   0.04267        51       640     0.925    0.9392     0.947    0.6486   0.02393  0.009449  0.007783
   193/299     4.94G   0.02704   0.01447  0.001314   0.04282        40       640    0.9248    0.9396    0.9471    0.6482   0.02394  0.009452  0.007779
   194/299     4.94G   0.02697   0.01419  0.001256   0.04242        73       640     0.925    0.9398     0.947    0.6483   0.02394  0.009452  0.007777
   195/299     4.94G   0.02689   0.01415  0.001368   0.04241        35       640    0.9248    0.9393    0.9469    0.6481   0.02394  0.009454  0.007777
   196/299     4.94G   0.02714   0.01437  0.001387    0.0429        66       640    0.9243    0.9395    0.9469    0.6481   0.02395  0.009455  0.007784
   197/299     4.94G   0.02673   0.01422  0.001436   0.04239        29       640    0.9307    0.9329    0.9468    0.6482   0.02395  0.009456  0.007788
   198/299     4.94G   0.02686   0.01457  0.001122   0.04255        45       640    0.9254    0.9387    0.9467    0.6482   0.02395  0.009458  0.007789
   199/299     4.94G   0.02699   0.01425  0.001191   0.04243        68       640    0.9259    0.9383    0.9468    0.6483   0.02396  0.009458  0.007794
   200/299     4.94G   0.02655   0.01416  0.001291     0.042        51       640    0.9257    0.9381    0.9468    0.6484   0.02396  0.009458  0.007799
   201/299     4.94G   0.02678   0.01416    0.0013   0.04225        82       640    0.9249    0.9394    0.9472    0.6481   0.02395  0.009459  0.007806
   202/299     4.94G   0.02702   0.01436  0.001307   0.04269        52       640    0.9317    0.9326    0.9473    0.6481   0.02396  0.009461  0.007811
   203/299     4.94G   0.02645   0.01393  0.001357   0.04174        80       640    0.9321    0.9325    0.9472    0.6487   0.02396  0.009462  0.007819
   204/299     4.94G   0.02674   0.01401  0.001137   0.04189        38       640    0.9317     0.933    0.9471    0.6487   0.02396  0.009463  0.007819
   205/299     4.94G   0.02666   0.01419  0.001277   0.04213        37       640    0.9321    0.9332     0.947    0.6483   0.02396  0.009464  0.007823
   206/299     4.94G   0.02674   0.01401  0.001098   0.04184        34       640    0.9324    0.9334     0.947    0.6484   0.02396  0.009467  0.007827
   207/299     4.94G   0.02658   0.01402  0.001189   0.04179        31       640    0.9318    0.9335     0.947    0.6486   0.02396  0.009468  0.007831
   208/299     4.94G   0.02677   0.01413  0.001253   0.04215        42       640    0.9317    0.9335     0.947    0.6487   0.02395  0.009468  0.007835
   209/299     4.94G   0.02605   0.01376   0.00114   0.04095        39       640    0.9316     0.934     0.947    0.6485   0.02395   0.00947  0.007835
   210/299     4.94G   0.02625   0.01368  0.001227   0.04116        43       640    0.9319    0.9339     0.947    0.6484   0.02395  0.009471  0.007836
   211/299     4.94G   0.02683   0.01407  0.001222   0.04212        46       640    0.9319    0.9339    0.9471    0.6483   0.02395  0.009472  0.007838
   212/299     4.94G   0.02581   0.01361   0.00116   0.04059        47       640     0.931     0.934    0.9471    0.6483   0.02395  0.009472  0.007843
   213/299     4.94G   0.02662   0.01404  0.001246    0.0419        38       640    0.9326    0.9325    0.9472    0.6484   0.02394  0.009473  0.007838
   214/299     4.94G   0.02605   0.01384  0.001182   0.04107        50       640    0.9322    0.9328    0.9472    0.6485   0.02395  0.009474  0.007839
   215/299     4.94G   0.02608    0.0139  0.001111   0.04109        62       640    0.9325    0.9326    0.9472    0.6488   0.02395  0.009475  0.007842
   216/299     4.94G   0.02597    0.0139   0.00122   0.04109        73       640    0.9325    0.9325    0.9473    0.6491   0.02395  0.009476  0.007843
   217/299     4.94G    0.0264   0.01399  0.001254   0.04165        75       640    0.9307    0.9342    0.9473    0.6492   0.02395  0.009478  0.007839
   218/299     4.94G   0.02612   0.01404  0.001174   0.04133        35       640     0.931    0.9344    0.9472    0.6487   0.02395  0.009479  0.007834
   219/299     4.94G   0.02568   0.01386  0.001242   0.04078        44       640    0.9332    0.9319     0.947    0.6485   0.02394  0.009481  0.007833
   220/299     4.94G   0.02608   0.01384  0.001136   0.04106        66       640    0.9308    0.9347    0.9471    0.6486   0.02394  0.009482   0.00783
   221/299     4.94G   0.02585   0.01378  0.001181   0.04081        56       640    0.9323    0.9329    0.9468    0.6488   0.02394  0.009483  0.007826
   222/299     4.94G   0.02581   0.01399  0.001051   0.04086        51       640    0.9325    0.9328    0.9468    0.6486   0.02394  0.009483  0.007825
   223/299     4.94G   0.02606   0.01372  0.001187   0.04097       135       640    0.9325    0.9328    0.9467    0.6486   0.02394  0.009485  0.007834
   224/299     4.94G   0.02618   0.01386  0.001146   0.04118        40       640    0.9224    0.9433    0.9469    0.6487   0.02394  0.009486  0.007835
   225/299     4.94G   0.02553   0.01366  0.001101   0.04029        35       640    0.9224    0.9433     0.947    0.6487   0.02394  0.009488  0.007837
   226/299     4.94G   0.02634   0.01399  0.001172   0.04151        54       640    0.9223    0.9433     0.947    0.6485   0.02394  0.009489  0.007838
   227/299     4.94G   0.02599   0.01362   0.00113   0.04075        54       640    0.9224     0.943    0.9469    0.6487   0.02394  0.009491  0.007842
   228/299     4.94G   0.02553   0.01345  0.001122   0.04011        46       640    0.9217    0.9437    0.9469    0.6488   0.02394  0.009491  0.007847
   229/299     4.94G     0.026   0.01383   0.00121   0.04104        42       640    0.9218    0.9443     0.947     0.649   0.02395  0.009493   0.00784
   230/299     4.94G   0.02561   0.01346  0.001084   0.04015        33       640    0.9217    0.9442     0.947     0.649   0.02395  0.009493  0.007842
   231/299     4.94G   0.02579   0.01357  0.001142   0.04051        40       640    0.9218    0.9436     0.947     0.649   0.02395  0.009495  0.007848
   232/299     4.94G   0.02561   0.01358   0.00122   0.04041        61       640    0.9226     0.943     0.947    0.6489   0.02395  0.009497  0.007848
   233/299     4.94G   0.02566   0.01361  0.001164   0.04043        59       640    0.9229    0.9427    0.9469    0.6489   0.02395  0.009499  0.007845
   234/299     4.94G   0.02558   0.01343  0.001188    0.0402        41       640    0.9228     0.943    0.9468    0.6487   0.02395  0.009499  0.007841
   235/299     4.94G   0.02546   0.01333  0.001181   0.03997        37       640    0.9228     0.943    0.9468    0.6489   0.02395    0.0095  0.007844
   236/299     4.94G   0.02539   0.01344  0.001132   0.03996        34       640    0.9233    0.9422    0.9468    0.6489   0.02396  0.009502  0.007849
   237/299     4.94G   0.02508   0.01334   0.00102   0.03943        38       640     0.924    0.9419    0.9468    0.6491   0.02396  0.009503  0.007848
   238/299     4.94G   0.02501    0.0134  0.001077   0.03949        41       640    0.9234    0.9419    0.9469    0.6493   0.02396  0.009504  0.007845
   239/299     4.94G   0.02563   0.01365  0.001095   0.04038        37       640    0.9233    0.9419     0.947    0.6493   0.02396  0.009505  0.007841
   240/299     4.94G   0.02499   0.01355  0.001031   0.03957        48       640    0.9237    0.9419    0.9468    0.6493   0.02396  0.009506  0.007837
   241/299     4.94G   0.02537   0.01344  0.001261   0.04008        47       640    0.9236     0.942    0.9469    0.6492   0.02396  0.009507  0.007837
   242/299     4.94G    0.0252   0.01354   0.00101   0.03975        35       640    0.9236    0.9418    0.9469    0.6491   0.02396  0.009508   0.00783
   243/299     4.94G   0.02497   0.01325   0.00123   0.03946        33       640    0.9239    0.9417    0.9471    0.6494   0.02396  0.009509  0.007831
   244/299     4.94G   0.02565   0.01363  0.001063   0.04034        43       640    0.9222    0.9427    0.9471    0.6493   0.02396  0.009509  0.007832
   245/299     4.94G   0.02537   0.01355 0.0009928   0.03991        56       640     0.922    0.9427    0.9471    0.6492   0.02396  0.009511  0.007826
   246/299     4.94G   0.02514    0.0134   0.00104   0.03958        63       640    0.9214    0.9434    0.9471    0.6493   0.02397  0.009512  0.007831
   247/299     4.94G   0.02485   0.01324  0.001036   0.03913        25       640    0.9218    0.9434    0.9474    0.6493   0.02397  0.009512  0.007834
   248/299     4.94G   0.02515   0.01353  0.000985   0.03966        30       640    0.9217    0.9435    0.9471    0.6492   0.02397  0.009513  0.007833
   249/299     4.94G   0.02512   0.01368  0.001014   0.03981        32       640    0.9218    0.9435    0.9471    0.6498   0.02397  0.009516  0.007838
   250/299     4.94G   0.02521   0.01341   0.00102   0.03964        47       640    0.9217    0.9435    0.9471    0.6494   0.02397  0.009517  0.007837
   251/299     4.94G     0.025   0.01337  0.001103   0.03947        69       640    0.9217    0.9435    0.9472    0.6495   0.02398  0.009519  0.007836
   252/299     4.94G   0.02502   0.01355 0.0009714   0.03954        39       640    0.9217    0.9435    0.9472    0.6494   0.02398  0.009521  0.007841
   253/299     4.94G   0.02479   0.01338  0.001086   0.03926        57       640    0.9221    0.9434    0.9471    0.6494   0.02399  0.009523  0.007842
   254/299     4.94G   0.02498   0.01323 0.0009906    0.0392        40       640     0.922    0.9433    0.9472    0.6493   0.02399  0.009525  0.007843
   255/299     4.94G   0.02512    0.0135  0.001028   0.03965        36       640    0.9218    0.9436    0.9472    0.6491   0.02399  0.009527  0.007841
   256/299     4.94G   0.02456   0.01284  0.001054   0.03846        33       640    0.9217    0.9437    0.9473    0.6491   0.02399  0.009529   0.00784
   257/299     4.94G   0.02496   0.01332  0.001078   0.03935        50       640     0.921     0.944    0.9476    0.6492   0.02399  0.009531  0.007841
   258/299     4.94G   0.02499   0.01332  0.001035   0.03934        34       640    0.9213    0.9433    0.9475    0.6491   0.02399  0.009532   0.00784
   259/299     4.94G   0.02494   0.01352  0.001059   0.03952        71       640    0.9205    0.9444    0.9474    0.6489     0.024  0.009535  0.007837
   260/299     4.94G   0.02473   0.01314  0.001047   0.03892        63       640    0.9205    0.9445    0.9476    0.6487     0.024  0.009537  0.007828
   261/299     4.94G   0.02438   0.01308  0.001084   0.03855        37       640      0.92    0.9449    0.9476    0.6487     0.024  0.009538  0.007825
   262/299     4.94G   0.02456   0.01313  0.001137   0.03883        47       640    0.9199    0.9451    0.9476    0.6489     0.024  0.009538  0.007819
   263/299     4.94G   0.02465   0.01312  0.001077   0.03885        33       640    0.9212    0.9442    0.9476    0.6488     0.024   0.00954  0.007814
   264/299     4.94G   0.02477   0.01309 0.0009353   0.03879        45       640    0.9209    0.9444    0.9475    0.6488     0.024  0.009542   0.00781
   265/299     4.94G   0.02434   0.01312  0.001101   0.03857        58       640    0.9208    0.9448    0.9476    0.6486     0.024  0.009543  0.007806
   266/299     4.94G   0.02429   0.01323 0.0009684   0.03849        42       640    0.9211     0.944    0.9479    0.6488     0.024  0.009545  0.007799
   267/299     4.94G   0.02472   0.01317 0.0009934   0.03888        47       640    0.9211    0.9438    0.9478    0.6489     0.024  0.009548  0.007794
   268/299     4.94G   0.02439   0.01288 0.0009362   0.03821        40       640    0.9307    0.9339    0.9478    0.6489   0.02401  0.009548  0.007789
   269/299     4.94G   0.02458    0.0132 0.0009803   0.03877        38       640    0.9305    0.9339    0.9478    0.6487   0.02401  0.009552   0.00779
   270/299     4.94G   0.02448     0.013  0.001129   0.03861        44       640    0.9304     0.934    0.9477     0.649   0.02401  0.009553   0.00779
   271/299     4.94G   0.02427   0.01292  0.001002    0.0382        49       640    0.9304    0.9339    0.9478    0.6487   0.02401  0.009556   0.00779
   272/299     4.94G   0.02396    0.0128 0.0009898   0.03775        42       640    0.9304    0.9339    0.9477    0.6489   0.02401  0.009558  0.007792
   273/299     4.94G   0.02419    0.0128  0.001009     0.038        25       640    0.9303    0.9339    0.9477    0.6488   0.02401   0.00956   0.00779
   274/299     4.94G   0.02422   0.01306 0.0009567   0.03824        41       640    0.9291    0.9353    0.9477    0.6486   0.02401  0.009562  0.007791
   275/299     4.94G   0.02476   0.01307 0.0009367   0.03876        34       640    0.9299    0.9342    0.9476    0.6484   0.02402  0.009565  0.007788
   276/299     4.94G   0.02381   0.01282 0.0009469   0.03758        31       640    0.9309    0.9337    0.9475    0.6485   0.02402  0.009567  0.007789
   277/299     4.94G   0.02417   0.01286 0.0008954   0.03792        56       640    0.9273    0.9368    0.9476    0.6484   0.02402  0.009569  0.007797
   278/299     4.94G   0.02417   0.01301  0.001136   0.03831        41       640    0.9278    0.9367    0.9476    0.6483   0.02402  0.009571  0.007797
   279/299     4.94G   0.02433   0.01282  0.001004   0.03816        39       640    0.9289     0.935    0.9476    0.6485   0.02402  0.009572  0.007795
   280/299     4.94G   0.02384    0.0126 0.0009136   0.03736        40       640      0.93     0.934    0.9476    0.6487   0.02402  0.009573  0.007793
   281/299     4.94G   0.02417   0.01266   0.00103   0.03786        78       640    0.9298    0.9347    0.9476    0.6487   0.02403  0.009576   0.00779
   282/299     4.94G   0.02407   0.01275 0.0009629   0.03778        58       640    0.9298    0.9347    0.9476     0.648   0.02403  0.009578   0.00779
   283/299     4.94G   0.02429   0.01308  0.001085   0.03846        79       640    0.9299    0.9345    0.9477    0.6483   0.02403  0.009581  0.007793
   284/299     4.94G   0.02402   0.01289 0.0008658   0.03778        43       640      0.93    0.9347    0.9477     0.648   0.02403  0.009583  0.007792
   285/299     4.94G   0.02423   0.01273 0.0009154   0.03787        38       640      0.93    0.9347    0.9477     0.648   0.02404  0.009586  0.007789
   286/299     4.94G   0.02387   0.01263 0.0008362   0.03734        37       640    0.9296     0.935    0.9478    0.6478   0.02404  0.009589  0.007792
   287/299     4.94G   0.02392   0.01283 0.0008774   0.03763        48       640    0.9303    0.9347    0.9477    0.6478   0.02404   0.00959  0.007796
   288/299     4.94G   0.02371   0.01294 0.0009746   0.03762        40       640    0.9278    0.9373    0.9478    0.6483   0.02404  0.009592  0.007792
   289/299     4.94G   0.02401   0.01282  0.001019   0.03785        70       640    0.9303    0.9346    0.9477    0.6481   0.02404  0.009595  0.007793
   290/299     4.94G   0.02367   0.01273 0.0009718   0.03737        48       640    0.9278    0.9371    0.9478    0.6477   0.02404  0.009597  0.007795
   291/299     4.94G    0.0242   0.01278  0.001012     0.038        35       640    0.9273     0.938    0.9479    0.6477   0.02405  0.009599  0.007801
   292/299     4.94G   0.02436   0.01276  0.000869   0.03799        54       640    0.9279    0.9378    0.9477    0.6477   0.02405  0.009601  0.007801
   293/299     4.94G    0.0237   0.01262 0.0009032   0.03722        51       640    0.9286    0.9375    0.9477    0.6474   0.02405  0.009604  0.007801
   294/299     4.94G    0.0234   0.01271 0.0008903     0.037        28       640    0.9286    0.9374    0.9475    0.6475   0.02405  0.009607    0.0078
   295/299     4.94G   0.02366   0.01274  0.001098   0.03749        40       640     0.929    0.9371    0.9476    0.6476   0.02406   0.00961  0.007803
   296/299     4.94G   0.02371   0.01281 0.0009428   0.03746        37       640    0.9282    0.9385    0.9476    0.6475   0.02406  0.009612  0.007803
   297/299     4.94G   0.02388   0.01278  0.001024   0.03769        49       640    0.9287    0.9376    0.9477    0.6475   0.02406  0.009615  0.007804
   298/299     4.94G    0.0234   0.01252 0.0009185   0.03684        54       640    0.9283    0.9383    0.9476    0.6476   0.02406  0.009616    0.0078
   299/299     4.94G   0.02384   0.01266 0.0009784   0.03748        48       640    0.9283    0.9387    0.9475    0.6474   0.02406  0.009619  0.007798
