     0/299     3.59G    0.1056   0.09403   0.02236    0.2219        22       640   0.00573    0.0512  0.003239 0.0005747   0.08484   0.07119   0.02309
     1/299     10.8G   0.09312   0.08749   0.01843     0.199        25       640    0.2264    0.3835    0.1685   0.03694   0.07312   0.06346     0.016
     2/299     10.8G   0.08158   0.07854   0.01391     0.174        63       640    0.5149    0.4599    0.4308    0.1458   0.05994   0.05176   0.01291
     3/299     10.8G   0.07538   0.07456   0.01146    0.1614        21       640    0.5923     0.578    0.5342    0.1771   0.05601   0.04599    0.0104
     4/299     10.8G   0.06881   0.07194  0.009403    0.1501        26       640    0.7815    0.6735    0.7338    0.3311   0.04899   0.04082  0.008918
     5/299     10.8G   0.06388   0.06824  0.008444    0.1406        28       640     0.773    0.6686    0.7226    0.3349    0.0499   0.04353  0.008525
     6/299     10.8G   0.06028   0.06701  0.007627    0.1349        20       640    0.8574    0.7947    0.8496    0.4426   0.03956   0.03624  0.007385
     7/299     10.8G    0.0576   0.06427  0.007031    0.1289        16       640    0.8577    0.8075    0.8619    0.4402   0.03827   0.03604  0.008556
     8/299     10.8G   0.05525   0.06231  0.006898    0.1245        20       640    0.8593     0.819    0.8734    0.4689   0.03675   0.03614   0.00709
     9/299     10.8G   0.05424   0.06265  0.006435    0.1233        30       640    0.8795    0.7764    0.8677    0.4575   0.03728   0.03433  0.008907
    10/299     10.8G    0.0525   0.06109  0.006019    0.1196        36       640    0.8743    0.8228    0.8739    0.4825   0.03619   0.03525  0.007109
    11/299     10.8G    0.0523   0.06164  0.005975    0.1199        19       640    0.8777    0.8587    0.9018     0.504   0.03515   0.03342  0.006461
    12/299     10.8G   0.05104   0.06058   0.00577    0.1174        32       640    0.8873    0.8274    0.8954    0.5135   0.03425   0.03442  0.007361
    13/299     10.8G   0.05057   0.06045  0.005829    0.1168        29       640    0.8916    0.8549    0.9011    0.5232   0.03339   0.03334  0.006298
    14/299     10.8G   0.04981   0.05961  0.005642    0.1151        15       640    0.8947    0.8462    0.9024    0.5228   0.03371   0.03353   0.00657
    15/299     10.8G   0.04925   0.05881   0.00516    0.1132        15       640    0.9042    0.8621    0.9052    0.5279   0.03379   0.03285  0.006357
    16/299     10.8G   0.04898   0.05893  0.005332    0.1132        33       640    0.8869    0.8303    0.9025    0.5151   0.03396   0.03346  0.007055
    17/299     10.8G   0.04864   0.05839  0.005233    0.1123        17       640    0.9106    0.8536    0.9119    0.5358   0.03249   0.03259  0.006448
    18/299     10.8G   0.04707   0.05732  0.005244    0.1096        26       640    0.8763     0.866    0.9052    0.5357   0.03282   0.03248  0.007173
    19/299     10.8G   0.04793     0.058  0.005094     0.111        27       640    0.9079    0.8578    0.9093    0.5399   0.03207   0.03279   0.00604
    20/299     10.8G    0.0462   0.05627  0.004889    0.1074        30       640      0.91    0.8697    0.9144    0.5482   0.03157   0.03207  0.006271
    21/299     10.8G   0.04653   0.05693  0.004775    0.1082        18       640    0.9076    0.8753    0.9144    0.5468   0.03201   0.03239  0.006207
    22/299     10.8G   0.04638   0.05684  0.004791     0.108        31       640    0.9152    0.8687    0.9209    0.5592   0.03156   0.03154  0.006123
    23/299     10.8G   0.04578   0.05625  0.004702    0.1067        29       640     0.887    0.8919    0.9189    0.5477   0.03133   0.03215  0.005738
    24/299     10.8G   0.04695   0.05787   0.00456    0.1094        42       640    0.9329    0.8395    0.9171    0.5531   0.03127   0.03314  0.005664
    25/299     10.8G   0.04592   0.05584  0.004531    0.1063        19       640    0.9122    0.8757    0.9208    0.5681   0.03063   0.03127  0.005743
    26/299     10.8G   0.04573   0.05574  0.004583    0.1061        27       640    0.9235    0.8776    0.9274     0.575   0.03036   0.03105  0.005604
    27/299     10.8G   0.04549   0.05689  0.004383    0.1068        43       640     0.914    0.8843    0.9217    0.5625   0.03066   0.03216  0.005634
    28/299     10.8G   0.04546   0.05625  0.004461    0.1062        53       640    0.9052    0.8862    0.9224    0.5686   0.03038   0.03163  0.005908
    29/299     10.8G   0.04538   0.05516  0.004482     0.105        21       640    0.9202    0.8727    0.9214    0.5745   0.03003    0.0317  0.005982
    30/299     10.8G   0.04444   0.05675  0.004369    0.1056        20       640     0.918    0.8861    0.9221    0.5677   0.03008   0.03194  0.005838
    31/299     10.8G   0.04468   0.05475  0.004442    0.1039        25       640    0.9221    0.8828    0.9274    0.5777   0.03031   0.03129  0.005632
    32/299     10.8G   0.04485   0.05568  0.004213    0.1047        19       640    0.9175    0.8911    0.9304    0.5789   0.02996   0.03085  0.006062
    33/299     10.8G   0.04412   0.05381  0.004449    0.1024        26       640    0.9182    0.8867    0.9263    0.5794   0.02957   0.03074   0.00597
    34/299     10.8G   0.04477   0.05614  0.004288    0.1052        39       640    0.9274     0.877    0.9273    0.5767   0.02971     0.031  0.005949
    35/299     10.8G   0.04412   0.05478  0.004157    0.1031        34       640    0.9185    0.8914    0.9282    0.5808   0.02958   0.03128  0.005662
    36/299     10.8G   0.04351   0.05448  0.004233    0.1022        63       640    0.9319    0.8899    0.9292     0.584   0.02932   0.03071   0.00569
    37/299     10.8G     0.044   0.05349   0.00423    0.1017        26       640    0.9182    0.8823    0.9299    0.5819   0.02913   0.03123  0.005533
    38/299     10.8G   0.04327   0.05431  0.004242    0.1018        32       640     0.922    0.8873    0.9322    0.5946   0.02911   0.03098  0.005552
    39/299     10.8G   0.04356   0.05394  0.004174    0.1017        21       640    0.9287    0.8955    0.9321    0.5862   0.02923   0.03052  0.005525
    40/299     10.8G   0.04348   0.05461  0.004064    0.1022        25       640    0.9146    0.9027    0.9326    0.5859   0.02916   0.03075  0.006028
    41/299     10.8G   0.04346   0.05419  0.004027    0.1017        15       640    0.9248    0.8943     0.934     0.592   0.02873   0.03106  0.005825
    42/299     10.8G   0.04346   0.05456  0.004007     0.102        18       640    0.9178    0.8971    0.9335    0.5847   0.02881   0.03061    0.0058
    43/299     10.8G   0.04277   0.05331  0.003867   0.09994        26       640    0.9211    0.8939    0.9327    0.5928   0.02867   0.03086  0.005739
    44/299     10.8G   0.04258   0.05373  0.004044    0.1004        12       640    0.9192    0.9073    0.9353    0.6006    0.0287   0.03018   0.00543
    45/299     10.8G    0.0425   0.05329  0.003862   0.09966        27       640     0.918    0.8956    0.9352    0.5898   0.02893   0.03042  0.005589
    46/299     10.8G   0.04269   0.05303  0.003975   0.09969        18       640    0.9282    0.8869    0.9332    0.5944   0.02859   0.03068  0.005314
    47/299     10.8G    0.0424   0.05438  0.003818    0.1006        23       640    0.9118    0.8992    0.9339    0.5967    0.0285   0.03064  0.005253
    48/299     10.8G   0.04246   0.05267   0.00397    0.0991        25       640    0.9213    0.9015    0.9365    0.5975   0.02851   0.03059  0.005243
    49/299     10.8G    0.0426   0.05248  0.003874   0.09896        31       640    0.9384    0.8951    0.9375    0.5955   0.02822   0.03004  0.005159
    50/299     10.8G   0.04293   0.05358  0.003976    0.1005       179       640    0.9293    0.8992    0.9389    0.6005    0.0283   0.02993  0.005516
    51/299     10.8G   0.04166    0.0532  0.003653   0.09852        30       640    0.9255    0.9091    0.9377    0.5957   0.02845   0.03032  0.005318
    52/299     10.8G   0.04212   0.05328  0.003925   0.09932        17       640    0.9317    0.8944    0.9377     0.598   0.02828   0.02988  0.005266
    53/299     10.8G    0.0428    0.0533   0.00381    0.0999        16       640    0.9282    0.9031    0.9369    0.6015    0.0281   0.03042   0.00552
    54/299     10.8G   0.04214   0.05313   0.00373     0.099        30       640    0.9078    0.9151    0.9383    0.6069   0.02804   0.02982   0.00554
    55/299     10.8G   0.04178   0.05278  0.003666   0.09823        35       640    0.9239    0.9044    0.9393    0.6021   0.02814   0.03004  0.005264
    56/299     10.8G   0.04244     0.053  0.003635   0.09907        15       640    0.9266    0.9008    0.9405    0.6011   0.02802    0.0297  0.005464
    57/299     10.8G   0.04193   0.05227  0.003614   0.09781        24       640    0.9198    0.9106    0.9376    0.6037   0.02819   0.02999  0.005385
    58/299     10.8G   0.04153    0.0521  0.003888   0.09752        26       640    0.9254    0.9045     0.939    0.6054   0.02796   0.03006   0.00538
    59/299     10.8G   0.04189   0.05319  0.004042   0.09912        28       640    0.9234    0.9044    0.9387    0.6025   0.02795   0.03004  0.005104
    60/299     10.8G   0.04157   0.05279  0.003636   0.09799        12       640    0.9244    0.9083    0.9396    0.6051   0.02783   0.02983  0.005146
    61/299     10.8G   0.04033   0.05225  0.003626   0.09621        25       640    0.9256    0.9077    0.9394    0.6029   0.02791   0.03009  0.005319
    62/299     10.8G   0.04158    0.0516   0.00375   0.09694        18       640    0.9284    0.9052    0.9395    0.6054   0.02773   0.02975  0.005172
    63/299     10.8G   0.04172   0.05292  0.003533   0.09818        18       640    0.9309    0.9057    0.9432      0.61   0.02771   0.02958  0.005181
    64/299     10.8G   0.04111    0.0519  0.003815   0.09683        23       640    0.9224     0.912    0.9413    0.6085   0.02756    0.0297  0.005221
    65/299     10.8G   0.04146   0.05283  0.003746   0.09804        28       640    0.9309     0.905    0.9403    0.6104   0.02758   0.02972  0.005283
    66/299     10.8G   0.04096   0.05158  0.003903   0.09644        23       640    0.9372    0.8942      0.94    0.6101   0.02765    0.0298  0.005208
    67/299     10.8G    0.0418   0.05229  0.003511    0.0976        24       640    0.9309    0.9032    0.9412     0.608   0.02761   0.02993  0.005202
    68/299     10.8G   0.04151   0.05227  0.003493   0.09728        32       640    0.9368    0.8948    0.9378    0.6101   0.02749   0.02964   0.00558
    69/299     10.8G   0.04153   0.05226  0.003792   0.09758        34       640    0.9326    0.9034     0.943    0.6118   0.02749   0.02974  0.005117
    70/299     10.8G   0.04086   0.05182  0.003463   0.09615        64       640    0.9309    0.9004    0.9413    0.6105    0.0275    0.0297  0.005376
    71/299     10.8G   0.04083    0.0518  0.003393   0.09602        30       640    0.9301    0.8996    0.9414    0.6091   0.02752   0.02976  0.005338
    72/299     10.8G   0.04097   0.05219  0.003725   0.09688        35       640    0.9344    0.8988    0.9406    0.6093   0.02731   0.02975  0.005339
    73/299     10.8G   0.04136   0.05361  0.003394   0.09836        25       640    0.9332    0.9026    0.9416     0.615   0.02736   0.02966  0.005391
    74/299     10.8G   0.04078   0.05155  0.003675   0.09601        24       640    0.9311    0.9058    0.9435    0.6185   0.02713   0.02943  0.005258
    75/299     10.8G   0.04143   0.05118  0.003497   0.09611        20       640    0.9338    0.9071    0.9432     0.614   0.02731    0.0293   0.00541
    76/299     10.8G   0.04171   0.05227    0.0037   0.09768        30       640    0.9281     0.908     0.942    0.6147   0.02728   0.02931   0.00534
    77/299     10.8G   0.04023   0.05141  0.003584   0.09523        30       640    0.9307    0.9093    0.9421    0.6195   0.02718   0.02948  0.005202
    78/299     10.8G   0.04048   0.05174  0.003558   0.09578        26       640    0.9259    0.9134    0.9424    0.6153   0.02725   0.02948  0.005154
    79/299     10.8G   0.04007   0.05058  0.003582   0.09424        29       640    0.9256     0.916    0.9426    0.6175    0.0272   0.02931   0.00528
    80/299     10.8G   0.04105   0.05201  0.003337    0.0964        35       640    0.9421    0.8992    0.9436    0.6191   0.02709    0.0293  0.005257
    81/299     10.8G   0.04025   0.05052  0.003571   0.09434        32       640    0.9388    0.8983    0.9423    0.6184   0.02707   0.02931  0.005327
    82/299     10.8G   0.04026   0.05185  0.003423   0.09554        24       640    0.9348    0.9061    0.9432      0.62   0.02705   0.02917  0.005231
    83/299     10.8G   0.03982   0.05108   0.00361   0.09451        33       640    0.9372    0.8988     0.945    0.6186   0.02708    0.0293  0.005301
    84/299     10.8G   0.04048   0.05056   0.00338   0.09443        30       640    0.9349    0.9055     0.945    0.6167   0.02707   0.02929  0.005383
    85/299     10.8G   0.04018   0.05144  0.003489   0.09511        62       640    0.9224    0.9176     0.943    0.6195   0.02692   0.02927  0.005165
    86/299     10.8G   0.04021   0.04958  0.003331   0.09312        34       640     0.924    0.9133    0.9425    0.6187   0.02689   0.02927  0.005343
    87/299     10.8G   0.03998   0.05158  0.003315   0.09487        26       640    0.9321     0.911    0.9427    0.6188   0.02698   0.02924  0.005145
    88/299     10.8G   0.03983   0.05013  0.003345   0.09331        31       640    0.9265    0.9158    0.9437     0.619   0.02696   0.02939  0.005159
    89/299     10.8G   0.03996   0.05164  0.003257   0.09485        35       640    0.9367    0.9054    0.9447    0.6201   0.02687   0.02936  0.005152
    90/299     10.8G   0.03995   0.05015  0.003415   0.09352        18       640    0.9354    0.9054    0.9416    0.6182   0.02697   0.02936    0.0052
    91/299     10.8G   0.04091   0.05098  0.003422   0.09531        31       640    0.9446    0.8989    0.9431    0.6217   0.02688   0.02931  0.005113
    92/299     10.8G   0.03998   0.05089  0.003317   0.09419        21       640    0.9251    0.9193    0.9448    0.6195   0.02691   0.02928  0.005136
    93/299     10.8G   0.03933   0.05001  0.003168   0.09251        26       640    0.9322    0.9114    0.9458    0.6199   0.02686   0.02918  0.005312
    94/299     10.8G   0.04018   0.05061  0.003302   0.09409        30       640    0.9391    0.9033     0.945    0.6212   0.02681   0.02909  0.005423
    95/299     10.8G   0.03993    0.0512  0.003394   0.09452        45       640    0.9237    0.9183    0.9425    0.6195    0.0268   0.02919  0.005272
    96/299     10.8G   0.03979   0.05058  0.003447   0.09382        23       640    0.9351    0.9058    0.9439    0.6229   0.02672   0.02916  0.005193
    97/299     10.8G   0.03979   0.04945  0.003402   0.09265        14       640    0.9258    0.9138    0.9434    0.6218   0.02677    0.0292  0.005141
    98/299     10.8G   0.03948   0.05169  0.003285   0.09445        21       640     0.929    0.9105    0.9446     0.622   0.02678   0.02924  0.005141
    99/299     10.8G   0.03994   0.05027  0.003158   0.09337        41       640    0.9252    0.9157    0.9447     0.623   0.02669   0.02916  0.005095
   100/299     10.8G   0.03954   0.04915  0.003255   0.09194        30       640    0.9309    0.9119    0.9456    0.6239   0.02666    0.0292  0.005118
   101/299     10.8G   0.03994   0.05067  0.003142   0.09375        17       640    0.9378    0.9061    0.9445    0.6257   0.02663   0.02908  0.005145
   102/299     10.8G   0.03975   0.05091  0.003361   0.09402        28       640    0.9342    0.9114    0.9447    0.6245   0.02662   0.02928   0.00513
   103/299     10.8G    0.0397   0.05064  0.003045   0.09339        83       640    0.9381    0.9058    0.9426    0.6213   0.02669    0.0293  0.005315
   104/299     10.8G   0.03946   0.05038  0.003194   0.09304        29       640    0.9363    0.9083    0.9434    0.6231   0.02667   0.02924  0.005262
   105/299     10.8G   0.04007   0.05055  0.003156   0.09378        23       640    0.9413    0.9026    0.9426    0.6232   0.02666   0.02921  0.005255
   106/299     10.8G   0.03908   0.04902  0.003203   0.09131        32       640    0.9363    0.9074    0.9431    0.6235   0.02657   0.02911  0.005251
   107/299     10.8G   0.03863   0.05023  0.003312   0.09217        27       640    0.9359    0.9067     0.944    0.6254   0.02656    0.0291  0.005211
   108/299     10.8G   0.03878   0.04997  0.003222   0.09198        30       640    0.9268    0.9166    0.9446    0.6269   0.02651   0.02912  0.005282
   109/299     10.8G   0.03947    0.0504  0.003082   0.09296        27       640    0.9271    0.9171    0.9443    0.6259   0.02651   0.02917  0.005254
   110/299     10.8G   0.03958   0.05067   0.00315   0.09341        30       640    0.9304     0.913    0.9445    0.6274   0.02652   0.02908  0.005212
   111/299     10.8G   0.03952   0.04915  0.003187   0.09186        22       640    0.9363    0.9102    0.9457    0.6272   0.02648    0.0291  0.005134
   112/299     10.8G   0.03881   0.04972  0.002985   0.09152        33       640    0.9338     0.912    0.9455    0.6273   0.02647   0.02907  0.005196
   113/299     10.8G   0.03957   0.05029  0.002995   0.09285        33       640    0.9233    0.9227    0.9459    0.6284   0.02648   0.02902  0.005256
   114/299     10.8G   0.03918   0.05075  0.003061     0.093        28       640    0.9318    0.9129    0.9458    0.6275    0.0265   0.02899  0.005331
   115/299     10.8G   0.03865   0.04946  0.003348   0.09146        29       640    0.9392    0.9043    0.9451    0.6277   0.02648   0.02904  0.005406
   116/299     10.8G   0.03908   0.04952  0.003014   0.09161        19       640      0.94    0.9061    0.9455     0.629   0.02642   0.02898  0.005354
   117/299     10.8G   0.03901   0.05033  0.002985   0.09232        25       640    0.9395    0.9058    0.9457    0.6291   0.02642   0.02901  0.005355
   118/299     10.8G   0.03953   0.05089  0.003288   0.09371        19       640     0.937    0.9059    0.9461    0.6285   0.02641   0.02902  0.005337
   119/299     10.8G   0.03928   0.05061  0.003092   0.09298        30       640    0.9334    0.9087    0.9465    0.6283   0.02637   0.02902  0.005313
   120/299     10.8G   0.03894   0.04974  0.003131   0.09181        61       640    0.9328    0.9096    0.9459    0.6292   0.02632   0.02898  0.005309
   121/299     10.8G   0.03877   0.05073  0.003207   0.09271        17       640    0.9383    0.9048    0.9453     0.629   0.02632   0.02899  0.005297
   122/299     10.8G   0.04028   0.05146  0.003074   0.09482        19       640    0.9379    0.9051    0.9461    0.6283   0.02632   0.02902  0.005272
   123/299     10.8G   0.03875   0.04943  0.003058   0.09123        42       640     0.942    0.8999    0.9453    0.6294   0.02632   0.02896  0.005325
   124/299     10.8G   0.03936   0.05088  0.002916   0.09316        17       640    0.9433    0.9017    0.9458    0.6298   0.02631   0.02895  0.005364
   125/299     10.8G   0.03944   0.04989  0.003098   0.09244        83       640    0.9388    0.9073    0.9459    0.6305   0.02629   0.02893  0.005344
   126/299     10.8G   0.03999   0.05091  0.003126   0.09404        56       640    0.9302    0.9178    0.9461    0.6304   0.02627   0.02893  0.005336
   127/299     10.8G   0.03889   0.04999  0.003188   0.09207        20       640    0.9393    0.9072    0.9455    0.6292   0.02627   0.02899  0.005282
   128/299     10.8G   0.03818   0.04956   0.00326     0.091        25       640    0.9327    0.9139    0.9459    0.6287   0.02627   0.02898  0.005234
   129/299     10.8G    0.0391   0.04991  0.002993   0.09201        15       640    0.9363    0.9124    0.9463    0.6295   0.02625   0.02896   0.00521
   130/299     10.8G    0.0393   0.04987  0.002934   0.09211        28       640    0.9306    0.9167    0.9464    0.6308   0.02624   0.02896    0.0052
   131/299     10.8G   0.03882   0.04879  0.002853   0.09046        46       640    0.9334    0.9135    0.9465    0.6307   0.02622   0.02895  0.005215
   132/299     10.8G   0.03863   0.05002  0.002941   0.09159        24       640    0.9342    0.9127    0.9468    0.6311    0.0262   0.02894  0.005234
   133/299     10.8G   0.03896   0.04944  0.002928   0.09134        72       640    0.9367      0.91    0.9467    0.6304   0.02621   0.02898  0.005226
   134/299     10.8G   0.03905    0.0504  0.002944   0.09239        24       640    0.9336    0.9118    0.9466    0.6302   0.02619   0.02895  0.005224
   135/299     10.8G   0.03949   0.04922  0.003017   0.09172        76       640    0.9325    0.9142    0.9468    0.6296   0.02618   0.02896  0.005221
   136/299     10.8G   0.03846   0.04918  0.002882   0.09052        19       640    0.9345    0.9131    0.9459    0.6295   0.02617   0.02898  0.005242
   137/299     10.8G   0.03884   0.04929  0.002872     0.091        33       640    0.9316    0.9142    0.9458    0.6302   0.02616   0.02896  0.005237
   138/299     10.8G    0.0382   0.04962  0.002924   0.09074        22       640    0.9332    0.9144    0.9464      0.63   0.02615   0.02897   0.00524
   139/299     10.8G   0.03861   0.04882  0.002934   0.09037        42       640    0.9322    0.9146    0.9465    0.6301   0.02614   0.02896  0.005242
   140/299     10.8G   0.03899   0.04981  0.002966   0.09177        23       640    0.9308    0.9165    0.9467    0.6305   0.02613   0.02896  0.005264
   141/299     10.8G   0.03876   0.05003   0.00302   0.09181        28       640     0.937    0.9102    0.9458    0.6306   0.02613   0.02896  0.005256
   142/299     10.8G   0.03847   0.04859  0.002945      0.09        33       640    0.9245    0.9228     0.946    0.6305   0.02614   0.02895  0.005275
   143/299     10.8G   0.03844   0.04828   0.00275   0.08947        39       640    0.9381    0.9101     0.946    0.6298   0.02614   0.02894  0.005269
   144/299     10.8G   0.03769    0.0496  0.003028   0.09032        23       640    0.9289    0.9193    0.9465    0.6303   0.02614   0.02892  0.005274
   145/299     10.8G   0.03873   0.04915  0.002912   0.09079        20       640    0.9391    0.9103    0.9466    0.6306   0.02613   0.02892  0.005278
   146/299     10.8G   0.03817   0.04852  0.002964   0.08965        26       640    0.9386    0.9117    0.9469    0.6313   0.02613   0.02892  0.005268
   147/299     10.8G   0.03825   0.04894  0.002847   0.09004        19       640    0.9376    0.9124    0.9467    0.6306   0.02612   0.02892  0.005277
   148/299     10.8G   0.03784   0.04956  0.002931   0.09033        24       640    0.9368    0.9137    0.9471    0.6312   0.02612   0.02892  0.005272
   149/299     10.8G   0.03844    0.0486  0.002824   0.08986        26       640    0.9362    0.9137    0.9469    0.6307   0.02612    0.0289  0.005255
   150/299     10.8G   0.03876   0.04914  0.002886   0.09079        31       640    0.9362    0.9139    0.9471    0.6315   0.02611    0.0289  0.005246
   151/299     10.8G    0.0386   0.04883  0.002859   0.09029        18       640    0.9315    0.9183    0.9477    0.6316   0.02611   0.02891  0.005255
   152/299     10.8G   0.03861   0.04996  0.002837   0.09141        27       640    0.9319    0.9191    0.9476    0.6311    0.0261   0.02892  0.005253
   153/299     10.8G    0.0377   0.04909  0.002799   0.08959        30       640    0.9313    0.9186    0.9477    0.6314   0.02609   0.02891  0.005268
   154/299     10.8G   0.03837   0.05027  0.002797   0.09144        45       640    0.9322    0.9181     0.948    0.6312   0.02609   0.02891  0.005269
   155/299     10.8G    0.0379   0.04947  0.002836   0.09021        37       640    0.9317    0.9173    0.9479    0.6319   0.02609   0.02892  0.005259
   156/299     10.8G   0.03745   0.04914   0.00283   0.08942        27       640    0.9303     0.919    0.9481    0.6315   0.02608   0.02891   0.00527
   157/299     10.8G   0.03867   0.05013  0.002949   0.09176        32       640    0.9386    0.9104    0.9483    0.6319   0.02607   0.02891  0.005275
   158/299     10.8G   0.03848   0.04868  0.002811   0.08997        26       640     0.926    0.9227    0.9484    0.6313   0.02607    0.0289  0.005271
   159/299     10.8G   0.03829   0.04893   0.00283   0.09006        61       640    0.9256    0.9228    0.9484    0.6312   0.02606   0.02889  0.005278
   160/299     10.8G   0.03813   0.04851  0.002757   0.08939        36       640    0.9292    0.9191     0.948    0.6316   0.02605    0.0289  0.005282
   161/299     10.8G   0.03744   0.04867  0.002707   0.08882        33       640    0.9249    0.9233    0.9483    0.6319   0.02605   0.02888  0.005286
   162/299     10.8G   0.03822   0.04915  0.002729    0.0901        26       640    0.9285    0.9198    0.9482    0.6323   0.02605   0.02888  0.005284
   163/299     10.8G   0.03751   0.04894  0.002694   0.08914        33       640    0.9227    0.9252    0.9484    0.6318   0.02604   0.02887  0.005282
   164/299     10.8G    0.0375   0.04836  0.002663   0.08853        17       640    0.9337    0.9152    0.9484    0.6318   0.02603   0.02886  0.005278
   165/299     10.8G   0.03792    0.0489  0.002669   0.08948        21       640    0.9337    0.9158    0.9484    0.6325   0.02602   0.02886  0.005281
   166/299     10.8G   0.03744   0.04831  0.002753    0.0885        29       640    0.9305    0.9183    0.9484     0.632   0.02603   0.02886  0.005273
   167/299     10.8G   0.03763   0.04924    0.0028   0.08966        25       640    0.9316    0.9173    0.9485    0.6327   0.02602   0.02886  0.005288
   168/299     10.8G   0.03816   0.05015  0.002687     0.091        27       640    0.9337    0.9154    0.9484    0.6327   0.02601   0.02885  0.005302
   169/299     10.8G   0.03742    0.0482  0.002712   0.08833        24       640    0.9348    0.9145    0.9486    0.6331   0.02601   0.02885  0.005304
   170/299     10.8G   0.03781   0.04902  0.002634   0.08947        22       640    0.9331    0.9166    0.9485    0.6339   0.02601   0.02885  0.005305
   171/299     10.8G   0.03847   0.04928  0.002644   0.09039        22       640    0.9332    0.9168    0.9486    0.6335   0.02601   0.02884  0.005298
   172/299     10.8G   0.03753   0.04775  0.002615    0.0879        35       640    0.9329    0.9179    0.9483    0.6338     0.026   0.02883  0.005303
   173/299     10.8G   0.03823   0.04906    0.0026    0.0899        48       640     0.932    0.9187    0.9487     0.634     0.026   0.02883    0.0053
   174/299     10.8G   0.03816   0.04913   0.00279   0.09008        50       640    0.9326    0.9179    0.9486    0.6342   0.02599   0.02883  0.005302
   175/299     10.8G    0.0379   0.04819  0.002727   0.08882        35       640     0.931    0.9195    0.9484    0.6341   0.02599   0.02882  0.005295
   176/299     10.8G   0.03791   0.04871  0.002547   0.08917        30       640    0.9326    0.9187    0.9483    0.6343   0.02599   0.02883  0.005296
   177/299     10.8G   0.03802   0.04911  0.002833   0.08996        31       640    0.9316    0.9198    0.9482    0.6341   0.02598   0.02883  0.005306
   178/299     10.8G   0.03764   0.04894  0.002769   0.08935        25       640    0.9316    0.9201    0.9488     0.634   0.02598   0.02883  0.005314
   179/299     10.8G   0.03797     0.049  0.002513   0.08948        25       640    0.9316    0.9205    0.9487    0.6338   0.02598   0.02883  0.005315
   180/299     10.8G   0.03765   0.04869  0.002569   0.08891        19       640    0.9315    0.9209     0.949    0.6345   0.02599   0.02884  0.005315
   181/299     10.8G   0.03815   0.04931  0.002644    0.0901        32       640    0.9292    0.9222    0.9487    0.6343   0.02598   0.02883  0.005313
   182/299     10.8G   0.03834   0.04894  0.002577   0.08986        33       640    0.9293    0.9223    0.9487    0.6341   0.02599   0.02884  0.005314
   183/299     10.8G   0.03753   0.04802  0.002816   0.08837        27       640    0.9306    0.9213    0.9487    0.6342   0.02598   0.02883  0.005311
   184/299     10.8G   0.03706   0.04838  0.002609   0.08805        33       640    0.9316    0.9207    0.9488    0.6345   0.02598   0.02883  0.005303
   185/299     10.8G   0.03734   0.04866  0.002354   0.08836        41       640    0.9314     0.921    0.9487    0.6346   0.02597   0.02884  0.005308
   186/299     10.8G   0.03692   0.04809  0.002719   0.08772        22       640    0.9312     0.921    0.9487    0.6341   0.02597   0.02884  0.005309
   187/299     10.8G   0.03739   0.04768  0.002683   0.08775        39       640    0.9326    0.9202    0.9486     0.634   0.02597   0.02884  0.005321
   188/299     10.8G   0.03798   0.04804  0.002606   0.08862        29       640    0.9323     0.921     0.949    0.6348   0.02597   0.02883  0.005317
   189/299     10.8G   0.03727   0.04825  0.002461   0.08798        53       640    0.9328    0.9208     0.949    0.6344   0.02597   0.02883   0.00533
   190/299     10.8G   0.03734   0.04822    0.0024   0.08796        22       640    0.9325    0.9212    0.9492    0.6343   0.02596   0.02883  0.005326
   191/299     10.8G   0.03688   0.04805   0.00252   0.08745        59       640    0.9329    0.9207    0.9489    0.6345   0.02596   0.02883  0.005335
   192/299     10.8G   0.03709   0.04805   0.00264   0.08778        26       640    0.9325    0.9209    0.9491    0.6349   0.02595   0.02882  0.005334
   193/299     10.8G   0.03687   0.04887  0.002639   0.08838        36       640    0.9325    0.9209    0.9493    0.6349   0.02595   0.02883  0.005336
   194/299     10.8G   0.03732   0.04837   0.00255   0.08824        25       640    0.9329    0.9218    0.9495    0.6352   0.02595   0.02882  0.005327
   195/299     10.8G   0.03794   0.04821  0.002554    0.0887        27       640     0.934    0.9203    0.9495    0.6352   0.02594   0.02882   0.00532
   196/299     10.8G   0.03731   0.04864  0.002641   0.08859        22       640    0.9335    0.9201    0.9493    0.6355   0.02593   0.02882  0.005319
   197/299     10.8G   0.03732   0.04845  0.002639    0.0884        16       640    0.9337    0.9194    0.9492    0.6362   0.02593   0.02883  0.005329
   198/299     10.8G   0.03847    0.0484  0.002514   0.08938        48       640    0.9322    0.9211    0.9492    0.6357   0.02593   0.02883  0.005332
   199/299     10.8G   0.03747   0.04775  0.002606   0.08782        29       640    0.9312    0.9211    0.9491    0.6361   0.02592   0.02883   0.00533
   200/299     10.8G   0.03787   0.04779   0.00252   0.08818        51       640    0.9285    0.9239    0.9494    0.6357   0.02592   0.02883   0.00533
   201/299     10.8G   0.03719   0.04749  0.002406   0.08708        23       640    0.9336    0.9201    0.9497    0.6356   0.02592   0.02882  0.005335
   202/299     10.8G   0.03683   0.04735  0.002653   0.08683        22       640    0.9281    0.9242    0.9494    0.6357   0.02592   0.02882   0.00533
   203/299     10.8G   0.03649   0.04767  0.002684   0.08685        15       640    0.9288    0.9242    0.9497    0.6358   0.02592   0.02882  0.005321
   204/299     10.8G   0.03723   0.04765  0.002712   0.08759        32       640    0.9279    0.9244    0.9496    0.6359   0.02592   0.02881  0.005315
   205/299     10.8G   0.03661   0.04775  0.002552   0.08691        26       640    0.9353    0.9177    0.9496    0.6357   0.02592   0.02881  0.005301
   206/299     10.8G   0.03701   0.04727  0.002407   0.08669        64       640    0.9281    0.9246    0.9494    0.6357   0.02592   0.02881  0.005309
   207/299     10.8G   0.03728   0.04783  0.002468   0.08757        45       640    0.9358    0.9171    0.9495    0.6358   0.02592   0.02881  0.005307
   208/299     10.8G    0.0373   0.04812  0.002333   0.08775        22       640    0.9277    0.9255    0.9495    0.6359   0.02591    0.0288   0.00531
   209/299     10.8G   0.03673   0.04799   0.00233   0.08705        20       640    0.9371    0.9163    0.9494    0.6363   0.02591   0.02879  0.005312
   210/299     10.8G    0.0365   0.04722  0.002544   0.08626        19       640    0.9373    0.9163    0.9494    0.6364    0.0259   0.02879  0.005312
   211/299     10.8G   0.03703   0.04812  0.002265   0.08742        50       640    0.9366    0.9163    0.9497    0.6367   0.02589   0.02879   0.00531
   212/299     10.8G   0.03742   0.04755  0.002687   0.08766        18       640    0.9355    0.9178    0.9496    0.6367   0.02589   0.02879  0.005309
   213/299     10.8G   0.03685   0.04775  0.002494   0.08709        37       640     0.931    0.9222    0.9497    0.6372   0.02589    0.0288  0.005319
   214/299     10.8G   0.03577   0.04704   0.00256   0.08537        17       640    0.9306    0.9233    0.9495    0.6374   0.02588    0.0288  0.005321
   215/299     10.8G   0.03674   0.04751  0.002479   0.08672        23       640     0.931    0.9235    0.9498     0.637   0.02588    0.0288  0.005323
   216/299     10.8G   0.03618   0.04648  0.002531    0.0852        29       640    0.9309    0.9235    0.9498     0.637   0.02587    0.0288  0.005325
   217/299     10.8G    0.0366   0.04829  0.002419   0.08732        27       640    0.9306    0.9235    0.9498     0.637   0.02587    0.0288  0.005321
   218/299     10.8G   0.03692   0.04738  0.002393   0.08669        25       640    0.9309    0.9239    0.9495    0.6369   0.02587    0.0288  0.005317
   219/299     10.8G   0.03676   0.04788  0.002466   0.08711        25       640     0.931    0.9237    0.9497    0.6376   0.02587   0.02881  0.005328
   220/299     10.8G   0.03715     0.048  0.002363   0.08752        27       640    0.9309    0.9238    0.9498    0.6375   0.02586   0.02881  0.005334
   221/299     10.8G   0.03738   0.04779  0.002524   0.08769        23       640    0.9309    0.9232    0.9497    0.6375   0.02586   0.02881  0.005332
   222/299     10.8G   0.03603   0.04667  0.002344   0.08505        22       640    0.9315    0.9225    0.9496    0.6373   0.02586   0.02881  0.005341
   223/299     10.8G   0.03647    0.0481  0.002488   0.08706        18       640    0.9333    0.9206    0.9497    0.6375   0.02586   0.02881  0.005347
   224/299     10.8G   0.03637   0.04717  0.002399   0.08593        22       640    0.9297    0.9238    0.9496    0.6371   0.02586   0.02881   0.00535
   225/299     10.8G   0.03628   0.04701   0.00255   0.08583        38       640    0.9316    0.9234    0.9497    0.6374   0.02586   0.02881  0.005345
   226/299     10.8G   0.03713   0.04702  0.002311   0.08646        18       640    0.9318     0.923    0.9497    0.6374   0.02586    0.0288  0.005343
   227/299     10.8G   0.03652   0.04711  0.002389   0.08603        21       640    0.9342    0.9195    0.9495    0.6375   0.02585    0.0288   0.00534
   228/299     10.8G   0.03714   0.04785  0.002397   0.08738        22       640     0.937    0.9183    0.9497     0.638   0.02585    0.0288  0.005339
   229/299     10.8G    0.0365   0.04649  0.002376   0.08536        18       640    0.9355    0.9199    0.9497    0.6378   0.02585    0.0288  0.005338
   230/299     10.8G   0.03617    0.0477  0.002309   0.08619        19       640    0.9333    0.9216    0.9497    0.6375   0.02585   0.02879  0.005335
   231/299     10.8G   0.03667   0.04775  0.002384    0.0868        23       640    0.9352    0.9198    0.9495    0.6373   0.02585   0.02879  0.005334
   232/299     10.8G   0.03678   0.04729  0.002414   0.08649        32       640    0.9323    0.9228    0.9496    0.6371   0.02585   0.02879  0.005326
   233/299     10.8G   0.03663   0.04674  0.002104   0.08547        24       640    0.9351    0.9197    0.9495    0.6369   0.02585   0.02879  0.005324
   234/299     10.8G   0.03611   0.04649  0.002351   0.08495        16       640    0.9357     0.919    0.9494    0.6375   0.02585   0.02879  0.005326
   235/299     10.8G   0.03753   0.04812  0.002319   0.08797        30       640    0.9347    0.9197    0.9495    0.6371   0.02585   0.02879  0.005324
   236/299     10.8G   0.03711    0.0481   0.00249    0.0877        28       640    0.9333    0.9211    0.9495    0.6374   0.02585    0.0288  0.005316
   237/299     10.8G   0.03703   0.04797  0.002341   0.08734        22       640    0.9303    0.9239    0.9496    0.6371   0.02585    0.0288  0.005314
   238/299     10.8G   0.03671   0.04747  0.002169   0.08635        16       640    0.9301    0.9243    0.9496    0.6369   0.02585    0.0288  0.005297
   239/299     10.8G   0.03628   0.04736  0.002243   0.08588        16       640    0.9308    0.9236    0.9494    0.6369   0.02586    0.0288  0.005299
   240/299     10.8G   0.03662   0.04688  0.002296    0.0858        30       640    0.9309    0.9241    0.9494    0.6368   0.02585   0.02881  0.005297
   241/299     10.8G   0.03717   0.04765  0.002321   0.08714        50       640    0.9311    0.9235    0.9494    0.6369   0.02585   0.02881  0.005294
   242/299     10.8G   0.03609   0.04737  0.002155   0.08561        17       640    0.9307    0.9239    0.9493    0.6368   0.02585   0.02881  0.005303
   243/299     10.8G    0.0363   0.04726  0.002383   0.08595        27       640    0.9297    0.9249    0.9493    0.6372   0.02584   0.02881  0.005308
   244/299     10.8G   0.03562   0.04639  0.002323   0.08433        25       640    0.9301    0.9244    0.9492    0.6373   0.02584    0.0288  0.005306
   245/299     10.8G   0.03644   0.04757  0.002268   0.08628        29       640    0.9313    0.9233    0.9492    0.6373   0.02584    0.0288  0.005299
   246/299     10.8G   0.03647   0.04737  0.002236   0.08608        18       640    0.9315    0.9236    0.9491    0.6368   0.02584    0.0288  0.005295
   247/299     10.8G   0.03651   0.04696  0.002328    0.0858        36       640    0.9318    0.9241    0.9491    0.6367   0.02584   0.02881  0.005299
   248/299     10.8G   0.03649   0.04767  0.002231   0.08639        15       640    0.9318    0.9237    0.9491    0.6369   0.02584   0.02881  0.005293
   249/299     10.8G   0.03672   0.04703  0.002286   0.08604        60       640    0.9318    0.9239    0.9493    0.6367   0.02584   0.02881  0.005298
   250/299     10.8G   0.03649   0.04674  0.002315   0.08555        30       640    0.9316    0.9236    0.9492    0.6367   0.02584   0.02881  0.005297
   251/299     10.8G    0.0363   0.04722  0.002342   0.08586        33       640    0.9348    0.9197    0.9491    0.6369   0.02584   0.02881  0.005297
   252/299     10.8G   0.03687   0.04652  0.002188   0.08558        91       640    0.9331    0.9226    0.9491    0.6368   0.02584   0.02881  0.005304
   253/299     10.8G    0.0362   0.04703  0.002352   0.08558        25       640    0.9329    0.9226    0.9489    0.6369   0.02584   0.02882  0.005303
   254/299     10.8G   0.03641   0.04791  0.002125   0.08644        83       640    0.9318    0.9228    0.9488    0.6367   0.02584   0.02882  0.005313
   255/299     10.8G   0.03681   0.04712  0.002194   0.08612        50       640    0.9325    0.9234    0.9489    0.6368   0.02584   0.02881  0.005303
   256/299     10.8G   0.03581   0.04716  0.002131    0.0851        33       640     0.932    0.9236    0.9488    0.6368   0.02585   0.02882  0.005306
   257/299     10.8G   0.03636   0.04691  0.002256   0.08552        18       640    0.9314    0.9236    0.9488    0.6364   0.02585   0.02882  0.005302
   258/299     10.8G   0.03618   0.04757  0.002017   0.08577        24       640    0.9301    0.9244    0.9489    0.6365   0.02585   0.02883  0.005305
   259/299     10.8G   0.03583   0.04701  0.002137   0.08497        26       640    0.9303    0.9244    0.9488    0.6365   0.02585   0.02882  0.005298
   260/299     10.8G    0.0352   0.04712  0.002288   0.08461        29       640    0.9311    0.9234    0.9491    0.6366   0.02585   0.02882  0.005295
   261/299     10.8G   0.03667   0.04784   0.00227   0.08678        20       640    0.9358    0.9187     0.949    0.6362   0.02585   0.02883  0.005302
   262/299     10.8G   0.03612   0.04661  0.002106   0.08483        39       640    0.9318     0.923     0.949    0.6362   0.02585   0.02882  0.005303
   263/299     10.8G   0.03601   0.04686  0.002313   0.08518        16       640     0.932    0.9229    0.9488    0.6365   0.02585   0.02883    0.0053
   264/299     10.8G   0.03615   0.04771  0.002309   0.08616        16       640    0.9317    0.9228    0.9489     0.636   0.02585   0.02883    0.0053
   265/299     10.8G   0.03565   0.04611  0.002262   0.08402        39       640    0.9322    0.9228    0.9489    0.6361   0.02586   0.02884    0.0053
   266/299     10.8G   0.03525   0.04599  0.002288   0.08353        45       640    0.9315    0.9222    0.9488    0.6361   0.02586   0.02884  0.005301
   267/299     10.8G    0.0354   0.04706  0.002342    0.0848        30       640    0.9302    0.9229    0.9488    0.6355   0.02586   0.02884    0.0053
   268/299     10.8G   0.03619   0.04641  0.002196    0.0848        26       640    0.9313    0.9219    0.9488    0.6359   0.02586   0.02884  0.005299
   269/299     10.8G   0.03612   0.04721  0.002254   0.08559        42       640    0.9301    0.9226    0.9488    0.6354   0.02587   0.02885  0.005296
   270/299     10.8G   0.03706   0.04684  0.002288   0.08619        31       640    0.9301    0.9226    0.9487    0.6354   0.02587   0.02886    0.0053
   271/299     10.8G   0.03618   0.04682  0.002181   0.08519        22       640     0.936    0.9169    0.9488     0.636   0.02586   0.02887  0.005311
   272/299     10.8G   0.03598   0.04737  0.002237   0.08558        20       640    0.9325    0.9206    0.9487    0.6355   0.02586   0.02887  0.005314
   273/299     10.8G   0.03653   0.04702  0.002217   0.08577        18       640    0.9349     0.918    0.9486    0.6352   0.02586   0.02887  0.005315
   274/299     10.8G   0.03626   0.04669  0.002179   0.08513        34       640    0.9285    0.9241    0.9486    0.6353   0.02586   0.02887   0.00532
   275/299     10.8G   0.03627   0.04715  0.002175    0.0856        24       640    0.9354    0.9175    0.9487    0.6352   0.02587   0.02888   0.00532
   276/299     10.8G   0.03676   0.04707   0.00214   0.08597        20       640    0.9359    0.9172    0.9486    0.6352   0.02587   0.02888  0.005319
   277/299     10.8G   0.03575   0.04738  0.002177   0.08531        30       640     0.936    0.9169    0.9487    0.6344   0.02587   0.02889  0.005323
   278/299     10.8G   0.03625   0.04731  0.002165   0.08572        24       640    0.9358    0.9166    0.9484    0.6349   0.02588   0.02889  0.005318
   279/299     10.8G   0.03585   0.04742  0.002278   0.08555        20       640    0.9358     0.917    0.9487    0.6347   0.02588   0.02889  0.005311
   280/299     10.8G   0.03616   0.04686  0.002052   0.08508        53       640    0.9314     0.921    0.9485    0.6342   0.02589    0.0289  0.005316
   281/299     10.8G   0.03652   0.04669  0.002379   0.08559        23       640    0.9354    0.9175    0.9486    0.6344   0.02588    0.0289  0.005325
   282/299     10.8G   0.03593   0.04691  0.002215   0.08505        23       640    0.9356    0.9177    0.9484    0.6344   0.02588    0.0289   0.00533
   283/299     10.8G   0.03623    0.0473  0.002304   0.08583        29       640     0.936     0.917    0.9484     0.635   0.02587    0.0289  0.005335
   284/299     10.8G   0.03585   0.04646  0.002188    0.0845        32       640    0.9356    0.9175    0.9484    0.6345   0.02587    0.0289  0.005331
   285/299     10.8G   0.03602   0.04571   0.00213   0.08387        19       640    0.9305    0.9221    0.9485    0.6348   0.02588   0.02891  0.005329
   286/299     10.8G    0.0367   0.04707  0.001927    0.0857        21       640    0.9303    0.9224    0.9484    0.6351   0.02588   0.02891  0.005325
   287/299     10.8G   0.03601   0.04676  0.002269   0.08505        27       640    0.9303     0.922    0.9484    0.6352   0.02587   0.02891  0.005329
   288/299     10.8G   0.03614   0.04604  0.002215   0.08439        26       640    0.9297    0.9229    0.9484    0.6348   0.02587   0.02892   0.00533
   289/299     10.8G   0.03579   0.04616  0.002214   0.08417        31       640    0.9287    0.9236    0.9484    0.6351   0.02587   0.02892  0.005331
   290/299     10.8G   0.03487   0.04644  0.002216   0.08352        21       640    0.9295    0.9238    0.9484    0.6352   0.02587   0.02891  0.005332
   291/299     10.8G   0.03605   0.04588   0.00224   0.08417        40       640    0.9292    0.9239    0.9484    0.6349   0.02586   0.02891   0.00534
   292/299     10.8G   0.03609   0.04671   0.00218   0.08499        30       640    0.9301    0.9223    0.9483    0.6349   0.02586   0.02891  0.005339
   293/299     10.8G    0.0354   0.04541  0.002235   0.08304        36       640    0.9301    0.9229    0.9484    0.6353   0.02586    0.0289  0.005341
   294/299     10.8G   0.03649   0.04677  0.002115   0.08538        31       640    0.9304    0.9229    0.9484    0.6351   0.02585    0.0289  0.005345
   295/299     10.8G   0.03539   0.04634  0.002161   0.08389        52       640      0.93     0.923    0.9485    0.6348   0.02585    0.0289   0.00534
   296/299     10.8G    0.0356   0.04666   0.00197   0.08423        47       640    0.9304    0.9235    0.9485    0.6348   0.02584    0.0289  0.005338
   297/299     10.8G   0.03606   0.04607  0.002048   0.08418        32       640    0.9301     0.924    0.9485    0.6345   0.02584    0.0289   0.00535
   298/299     10.8G   0.03593   0.04708  0.002077   0.08509        26       640    0.9303    0.9235    0.9486    0.6346   0.02584   0.02891  0.005348
   299/299     10.8G   0.03603   0.04595  0.002208   0.08418        35       640    0.9309    0.9234    0.9485    0.6342   0.02584   0.02891  0.005355
