     0/299      5.2G   0.08762   0.02708   0.02532      0.14        24       640   0.00241    0.2367  0.001066 0.0001801   0.08086   0.01858   0.02513
     1/299     5.92G   0.07987   0.02806   0.02361    0.1315        19       640  0.006563   0.09967  0.002978 0.0005545   0.07191   0.02039   0.02463
     2/299     5.92G   0.06737   0.02979   0.02081     0.118        29       640   0.03284    0.2402   0.02207  0.005616   0.05585   0.02286   0.02166
     3/299     5.92G   0.06041    0.0258   0.01536    0.1016        29       640    0.3585    0.2343    0.2026   0.06029   0.05649   0.01695   0.01424
     4/299     5.92G    0.0547   0.02323   0.01311   0.09104        67       640     0.502    0.3395     0.335    0.1274    0.0471   0.01685   0.02497
     5/299     5.92G   0.04857    0.0215   0.01145   0.08152        52       640    0.6969    0.6505    0.6573    0.3101   0.03708   0.01358   0.01027
     6/299     5.92G     0.044    0.0198    0.0099    0.0737        34       640    0.6213    0.7494    0.5981    0.2834    0.0367   0.01245  0.008764
     7/299     5.92G   0.04044   0.01829   0.00919   0.06792        17       640    0.8338    0.8128    0.8408    0.4529   0.03287   0.01024  0.009671
     8/299     5.92G   0.03833   0.01753  0.008261   0.06413        16       640    0.8854    0.8202    0.8742    0.4787   0.03095  0.009699  0.007066
     9/299     5.92G   0.03646   0.01716  0.007818   0.06144        27       640    0.8711    0.8164    0.8747    0.5065   0.03064  0.009787  0.009339
    10/299     5.92G   0.03544   0.01672   0.00716   0.05933        14       640     0.898    0.8508    0.8959    0.5415   0.02826  0.008938   0.00642
    11/299     5.92G   0.03445   0.01653  0.006677   0.05766        27       640    0.8919    0.8665    0.9007    0.5465   0.02796  0.008819  0.005942
    12/299     5.92G   0.03329   0.01589  0.006848   0.05603        28       640    0.9103    0.8719    0.9096    0.5498   0.02729  0.008698  0.005506
    13/299     5.92G   0.03287   0.01542  0.006321   0.05461        22       640    0.9105    0.8643    0.9088    0.5636   0.02625  0.008617  0.005986
    14/299     5.92G   0.03223   0.01553  0.006101   0.05386        18       640    0.8992    0.8845    0.9189    0.5819   0.02606  0.008362  0.005742
    15/299     5.92G   0.03166   0.01518  0.005712   0.05256        22       640    0.9175    0.8714    0.9132    0.5693    0.0264  0.008307  0.005924
    16/299     5.92G   0.03085   0.01491  0.006013   0.05177        15       640    0.9279    0.8733     0.919    0.5927   0.02569  0.008278  0.005519
    17/299     5.92G   0.03069   0.01478  0.005569   0.05104        24       640    0.9105    0.8832    0.9174     0.582   0.02611  0.008183  0.006767
    18/299     5.92G   0.03035   0.01455  0.005402    0.0503        23       640    0.9296    0.8707     0.924    0.5782   0.02566  0.008222  0.005679
    19/299     5.92G    0.0299   0.01466  0.005274   0.04984        24       640    0.9277    0.8938    0.9346    0.5901   0.02573  0.008098  0.005155
    20/299     5.92G   0.02961   0.01441  0.005484   0.04951        18       640    0.9322     0.885     0.929    0.5867   0.02526  0.008145  0.005213
    21/299     5.92G   0.02949   0.01447  0.005059   0.04902        20       640    0.9287    0.8986    0.9297    0.5896   0.02491  0.008064  0.005487
    22/299     5.92G   0.02919    0.0144  0.005186   0.04877        19       640    0.9305     0.896    0.9292    0.5989   0.02479  0.008011  0.005206
    23/299     5.92G   0.02869   0.01399  0.005063   0.04775        47       640    0.9205    0.9053    0.9313    0.5985   0.02454  0.008024  0.005874
    24/299     5.92G   0.02859   0.01411  0.004851   0.04755        25       640    0.9272    0.8972    0.9367    0.6165   0.02428  0.007739  0.005015
    25/299     5.92G   0.02845   0.01404  0.004903   0.04739        38       640    0.9187    0.8882    0.9232    0.5994   0.02456  0.007822  0.006347
    26/299     5.92G   0.02821   0.01417  0.004846   0.04722        27       640    0.9312    0.8821    0.9316    0.6014   0.02414  0.007805  0.005534
    27/299     5.92G   0.02796   0.01375  0.004818   0.04653        49       640    0.9297    0.9081    0.9364    0.6137    0.0241  0.007832  0.004796
    28/299     5.92G   0.02774   0.01358  0.004399   0.04572        25       640    0.9334    0.9012    0.9384    0.6065   0.02456  0.007715  0.004897
    29/299     5.92G   0.02784   0.01377  0.004579    0.0462        34       640    0.9302    0.9045    0.9372    0.6124    0.0241  0.007718  0.005418
    30/299     5.92G   0.02765   0.01371   0.00472   0.04608        21       640    0.9393    0.9068    0.9409    0.6206   0.02357  0.007637  0.004691
    31/299     5.92G    0.0275   0.01377  0.004487   0.04576        35       640    0.9353    0.9055    0.9373    0.6137   0.02356  0.007689  0.004788
    32/299     5.92G   0.02715   0.01351  0.004075   0.04474        23       640    0.9313    0.9094    0.9419    0.6227   0.02325  0.007564  0.004909
    33/299     5.92G   0.02724   0.01336  0.004096   0.04469        25       640    0.9427    0.9051    0.9421    0.6197   0.02347  0.007763  0.004676
    34/299     5.92G   0.02732    0.0135  0.004369   0.04519        25       640    0.9242    0.9123    0.9396    0.6149   0.02362  0.007643  0.004886
    35/299     5.92G   0.02691   0.01342  0.004237   0.04456        32       640    0.9343     0.911    0.9441    0.6279   0.02325  0.007654   0.00464
    36/299     5.92G   0.02673   0.01307  0.004214   0.04402        30       640    0.9299    0.9113    0.9383    0.6242   0.02325  0.007507   0.00528
    37/299     5.92G   0.02655   0.01318  0.003934   0.04366        47       640    0.9325    0.9167     0.945    0.6244   0.02302  0.007618  0.004579
    38/299     5.92G   0.02628     0.013  0.004011   0.04329        18       640    0.9286    0.9209    0.9462    0.6222   0.02321  0.007679  0.004588
    39/299     5.92G   0.02651   0.01322  0.003943   0.04367        38       640    0.9383    0.9098    0.9426    0.6248   0.02297  0.007591  0.005062
    40/299     5.92G   0.02623   0.01301   0.00389   0.04312        22       640    0.9208    0.9257    0.9456    0.6278   0.02322  0.007506   0.00492
    41/299     5.92G   0.02653   0.01322   0.00374   0.04349        15       640     0.932    0.9158    0.9433    0.6308   0.02275  0.007409   0.00488
    42/299     5.92G   0.02662   0.01329  0.004036   0.04394        25       640    0.9356    0.9112    0.9431    0.6318    0.0227  0.007474  0.004671
    43/299     5.92G   0.02628    0.0129  0.004018   0.04319        17       640    0.9356    0.9078    0.9412    0.6336   0.02271  0.007479  0.004753
    44/299     5.92G   0.02624   0.01288  0.003914   0.04303        27       640    0.9377    0.9079    0.9442     0.632   0.02284  0.007529   0.00454
    45/299     5.92G   0.02595   0.01295  0.003954   0.04285        37       640    0.9287    0.9158    0.9442     0.633   0.02272  0.007338  0.004836
    46/299     5.92G   0.02577   0.01289  0.003763   0.04242        18       640    0.9223    0.9246    0.9448    0.6381   0.02264    0.0074  0.004654
    47/299     5.92G   0.02586   0.01277  0.003484   0.04211        20       640    0.9344    0.9177    0.9457    0.6374   0.02248  0.007293  0.004883
    48/299     5.92G   0.02569   0.01277  0.003851   0.04231        22       640    0.9359    0.9242    0.9458     0.637   0.02237  0.007366  0.004458
    49/299     5.92G   0.02549   0.01268  0.003589   0.04175        25       640    0.9308    0.9254    0.9437    0.6358   0.02244  0.007407  0.004788
    50/299     5.92G   0.02546   0.01294   0.00372   0.04212        37       640     0.933    0.9232    0.9468    0.6447   0.02218  0.007327  0.004687
    51/299     5.92G   0.02545   0.01273  0.003311   0.04148        19       640    0.9316    0.9197    0.9473    0.6427   0.02227  0.007378   0.00511
    52/299     5.92G   0.02528   0.01267  0.003437   0.04138        32       640    0.9319    0.9261    0.9468    0.6405   0.02221  0.007303  0.004767
    53/299     5.92G   0.02524   0.01291  0.003338   0.04149        15       640    0.9382    0.9082    0.9436     0.639   0.02211  0.007494  0.005047
    54/299     5.92G   0.02528   0.01265  0.003839   0.04177        32       640    0.9301     0.922    0.9463    0.6376   0.02238  0.007392  0.004908
    55/299     5.92G   0.02517   0.01259  0.003426   0.04118        57       640     0.942    0.9249    0.9483    0.6442   0.02215  0.007377  0.004354
    56/299     5.92G   0.02506   0.01268  0.003365   0.04111        30       640    0.9313    0.9295     0.951    0.6417   0.02224  0.007248  0.004525
    57/299     5.92G   0.02498   0.01265    0.0032   0.04084        28       640    0.9394    0.9215    0.9486    0.6457   0.02192  0.007296    0.0047
    58/299     5.92G   0.02482   0.01243  0.003506   0.04076        19       640    0.9311    0.9294    0.9472    0.6445   0.02202  0.007335  0.004701
    59/299     5.92G   0.02487   0.01255  0.003262   0.04069        31       640    0.9321    0.9284    0.9495    0.6477   0.02194  0.007212  0.004714
    60/299     5.92G   0.02441    0.0123  0.003378   0.04009        19       640    0.9348    0.9249     0.947    0.6468   0.02193  0.007295   0.00463
    61/299     5.92G    0.0247   0.01258  0.003561   0.04083        43       640    0.9336    0.9244    0.9463    0.6443   0.02197  0.007268  0.004732
    62/299     5.92G   0.02477   0.01238  0.003327   0.04048        18       640    0.9298    0.9292    0.9489    0.6456   0.02195  0.007261  0.004855
    63/299     5.92G   0.02456   0.01237  0.003246   0.04017        28       640    0.9298    0.9264    0.9486    0.6467   0.02171  0.007313  0.004587
    64/299     5.92G   0.02443   0.01237  0.003436   0.04024        27       640    0.9252    0.9354    0.9493    0.6481   0.02172  0.007232  0.004908
    65/299     5.92G   0.02452   0.01233   0.00305    0.0399        31       640    0.9333    0.9269    0.9497    0.6448   0.02198  0.007309  0.004919
    66/299     5.92G   0.02442   0.01217  0.003305    0.0399        21       640    0.9293    0.9354    0.9491    0.6505   0.02183  0.007267  0.004869
    67/299     5.92G   0.02444   0.01219  0.003266   0.03989        27       640    0.9321    0.9318    0.9513    0.6513    0.0218  0.007301  0.004557
    68/299     5.92G   0.02452   0.01232  0.003127   0.03997        29       640    0.9364     0.926    0.9492    0.6483   0.02189  0.007193  0.004798
    69/299     5.92G   0.02437   0.01238  0.003249   0.03999        38       640    0.9349    0.9321    0.9516     0.648   0.02174  0.007323  0.004587
    70/299     5.92G   0.02435   0.01237  0.003184    0.0399        28       640     0.934    0.9328    0.9518    0.6543   0.02169  0.007212  0.004562
    71/299     5.92G   0.02413   0.01225  0.003087   0.03946        59       640     0.932    0.9325    0.9492    0.6512   0.02173  0.007183  0.004945
    72/299     5.92G   0.02427   0.01209  0.002959   0.03932        36       640    0.9289    0.9336     0.949    0.6483   0.02171  0.007252  0.004697
    73/299     5.92G   0.02425   0.01241  0.003192   0.03985        26       640    0.9324    0.9306    0.9493    0.6512   0.02163  0.007228  0.004868
    74/299     5.92G   0.02412   0.01224  0.003368   0.03973        18       640    0.9322     0.934    0.9502    0.6473   0.02165  0.007269  0.004632
    75/299     5.92G   0.02413   0.01203  0.002957   0.03912        12       640      0.93    0.9346    0.9488    0.6506    0.0216  0.007273  0.004731
    76/299     5.92G    0.0237   0.01204  0.002911   0.03866        14       640    0.9341    0.9247    0.9481    0.6494   0.02156  0.007209  0.004766
    77/299     5.92G    0.0239   0.01211  0.002838   0.03885        17       640    0.9429    0.9204    0.9506    0.6523   0.02151  0.007232  0.004761
    78/299     5.92G   0.02363   0.01204   0.00289   0.03856        20       640    0.9335    0.9339    0.9497      0.65   0.02146  0.007223  0.004636
    79/299     5.92G   0.02377   0.01222  0.003101   0.03909        27       640    0.9442    0.9201    0.9501    0.6522   0.02141   0.00723  0.004837
    80/299     5.92G   0.02376   0.01209  0.002952    0.0388        18       640    0.9417    0.9206    0.9501    0.6507   0.02141  0.007252  0.005024
    81/299     5.92G   0.02363   0.01206  0.002602   0.03829        25       640    0.9332    0.9294    0.9503    0.6528   0.02141  0.007221  0.004814
    82/299     5.92G   0.02329   0.01213  0.002752   0.03818        31       640    0.9353    0.9305    0.9484    0.6499   0.02147   0.00723  0.004827
    83/299     5.92G    0.0234   0.01203  0.003232   0.03866        21       640    0.9352    0.9311    0.9492    0.6537   0.02146  0.007175  0.004773
    84/299     5.92G   0.02369    0.0119  0.002941   0.03853        30       640    0.9274    0.9339    0.9482    0.6519   0.02146  0.007173  0.004788
    85/299     5.92G   0.02359   0.01204  0.002801   0.03843        75       640    0.9418    0.9248    0.9496    0.6526   0.02143  0.007207   0.00468
    86/299     5.92G   0.02328   0.01191  0.002817   0.03801        19       640    0.9426    0.9297    0.9506    0.6531   0.02126  0.007155  0.004717
    87/299     5.92G   0.02334   0.01198  0.002862   0.03818        21       640     0.942    0.9275    0.9521    0.6549   0.02125  0.007163  0.004681
    88/299     5.92G   0.02338   0.01191  0.002905   0.03819        34       640    0.9325    0.9358    0.9523    0.6579   0.02126  0.007139  0.004598
    89/299     5.92G   0.02339   0.01208  0.002904   0.03837        65       640    0.9306    0.9372    0.9504    0.6544   0.02138  0.007178  0.004761
    90/299     5.92G   0.02332   0.01205  0.002657   0.03803        21       640    0.9365    0.9305    0.9489    0.6522   0.02146  0.007182  0.005022
    91/299     5.92G   0.02325    0.0117  0.002715   0.03767        22       640    0.9357    0.9284    0.9484    0.6517   0.02139  0.007197  0.005066
    92/299     5.92G   0.02313   0.01189  0.002718   0.03774        20       640    0.9389    0.9266    0.9481    0.6522   0.02133  0.007185  0.005107
    93/299     5.92G   0.02297   0.01169  0.002836    0.0375        41       640     0.932    0.9329    0.9469    0.6528   0.02127  0.007179  0.005186
    94/299     5.92G   0.02325   0.01176  0.002695    0.0377        28       640     0.931    0.9359    0.9487    0.6541   0.02126  0.007189  0.005113
    95/299     5.92G   0.02306   0.01188  0.002676   0.03762        23       640      0.93    0.9392    0.9489    0.6524   0.02123  0.007179  0.005128
    96/299     5.92G   0.02299   0.01186  0.002558   0.03741        29       640    0.9336    0.9355    0.9491    0.6534   0.02127   0.00716  0.005089
    97/299     5.92G   0.02286   0.01171  0.002804   0.03737        33       640     0.936    0.9347    0.9492    0.6546   0.02124  0.007175  0.004858
    98/299     5.92G   0.02304   0.01187  0.002617   0.03753        22       640    0.9363    0.9349    0.9502    0.6546   0.02119  0.007169  0.004806
    99/299     5.92G   0.02292   0.01172  0.002746   0.03739        33       640    0.9383    0.9344    0.9519    0.6573   0.02113   0.00716   0.00463
   100/299     5.92G   0.02308   0.01176  0.002603   0.03744        24       640    0.9383    0.9319    0.9513    0.6568   0.02116  0.007158  0.004651
   101/299     5.92G   0.02287    0.0118  0.002772   0.03744        67       640    0.9411    0.9289    0.9501    0.6557   0.02121  0.007153  0.004852
   102/299     5.92G   0.02302   0.01179  0.002652   0.03746        36       640    0.9378    0.9329    0.9494    0.6555    0.0212  0.007143  0.005003
   103/299     5.92G   0.02256   0.01144  0.002543   0.03655        29       640    0.9378    0.9311    0.9485    0.6544   0.02125  0.007164  0.004922
   104/299     5.92G   0.02269    0.0116  0.002553   0.03685        29       640    0.9275    0.9427    0.9476    0.6545   0.02128  0.007173  0.004839
   105/299     5.92G   0.02272   0.01155  0.002583   0.03685        20       640    0.9357    0.9351    0.9488    0.6579   0.02119  0.007142   0.00486
   106/299     5.92G   0.02285   0.01186  0.003011   0.03772        13       640    0.9246    0.9444    0.9494    0.6569   0.02113  0.007147  0.004913
   107/299     5.92G   0.02289    0.0118  0.002715   0.03741        30       640    0.9325    0.9368    0.9487     0.656   0.02114  0.007155  0.005021
   108/299     5.92G    0.0228   0.01183  0.002499   0.03713        38       640    0.9344     0.936    0.9474    0.6555   0.02112  0.007158  0.005071
   109/299     5.92G   0.02274   0.01157  0.002599   0.03691        23       640    0.9311    0.9412    0.9488    0.6565   0.02109  0.007158  0.004943
   110/299     5.92G   0.02264   0.01169  0.002575    0.0369        31       640    0.9294    0.9401    0.9481    0.6565   0.02111   0.00717  0.004988
   111/299     5.92G   0.02249   0.01145  0.002534   0.03647        35       640    0.9355    0.9363    0.9484    0.6563   0.02107  0.007173  0.005045
   112/299     5.92G   0.02228   0.01154   0.00224   0.03606        35       640    0.9362    0.9356    0.9489    0.6572   0.02106  0.007176   0.00507
   113/299     5.92G   0.02291   0.01161  0.002764   0.03728        27       640    0.9323    0.9366     0.949    0.6566    0.0211  0.007204  0.005097
   114/299     5.92G    0.0223   0.01152  0.002415   0.03624        31       640    0.9287    0.9387    0.9481    0.6556   0.02109  0.007194  0.005217
   115/299     5.92G   0.02244   0.01149  0.002606   0.03654        32       640    0.9342    0.9348    0.9484    0.6562     0.021  0.007153  0.005139
   116/299     5.92G   0.02222    0.0113  0.002497   0.03602        25       640    0.9337    0.9352    0.9486    0.6566     0.021  0.007151  0.005102
   117/299     5.92G   0.02231   0.01136  0.002346   0.03602        63       640    0.9359    0.9349    0.9489    0.6565   0.02094  0.007144  0.005033
   118/299     5.92G   0.02229    0.0116  0.002399   0.03628        34       640    0.9304    0.9388    0.9492    0.6565   0.02091  0.007145  0.004936
   119/299     5.92G   0.02226   0.01149  0.002407   0.03615        32       640    0.9362    0.9333    0.9499    0.6574   0.02089  0.007133  0.004931
   120/299     5.92G   0.02243   0.01153  0.002591   0.03656        30       640    0.9369    0.9339    0.9504    0.6575    0.0209  0.007135  0.004904
   121/299     5.92G   0.02228   0.01159  0.002654   0.03652        38       640      0.94    0.9297    0.9505    0.6581    0.0209   0.00715  0.004933
   122/299     5.92G   0.02217   0.01143  0.002402     0.036        30       640    0.9422    0.9291    0.9504    0.6595   0.02087  0.007149  0.004893
   123/299     5.92G   0.02193   0.01129  0.002382    0.0356        19       640    0.9377    0.9338    0.9505    0.6585   0.02087  0.007153  0.004854
   124/299     5.92G   0.02196   0.01135  0.002284    0.0356        46       640    0.9417    0.9314    0.9508    0.6588   0.02089  0.007157   0.00492
   125/299     5.92G   0.02213    0.0113  0.002266    0.0357        25       640    0.9427    0.9322    0.9514    0.6596   0.02086  0.007144  0.004926
   126/299     5.92G   0.02207   0.01146  0.002368    0.0359        17       640     0.941     0.933    0.9511    0.6596   0.02084  0.007137  0.004932
   127/299     5.92G   0.02211   0.01134   0.00247   0.03592        32       640    0.9393    0.9343     0.951    0.6594   0.02083  0.007128  0.004961
   128/299     5.92G     0.022   0.01139  0.002314   0.03571        27       640      0.94    0.9331    0.9511    0.6585   0.02086  0.007136   0.00495
   129/299     5.92G   0.02205   0.01138  0.002319   0.03574        36       640    0.9405    0.9325    0.9511    0.6591   0.02088  0.007145  0.004935
   130/299     5.92G   0.02168   0.01114  0.002423   0.03524        36       640     0.938    0.9341    0.9508    0.6589   0.02088  0.007148  0.004952
   131/299     5.92G   0.02188   0.01122  0.002368   0.03546        27       640    0.9422    0.9285    0.9507    0.6593   0.02087  0.007156  0.004999
   132/299     5.92G   0.02181   0.01135  0.002183   0.03534        24       640    0.9422    0.9278    0.9502    0.6585   0.02087  0.007161  0.005002
   133/299     5.92G   0.02186   0.01147  0.002323   0.03565        24       640    0.9368    0.9339    0.9503    0.6583   0.02086  0.007161   0.00502
   134/299     5.92G   0.02147   0.01116  0.002241   0.03487        20       640    0.9415    0.9289    0.9508    0.6587   0.02086  0.007165  0.005044
   135/299     5.92G   0.02176   0.01128  0.002202   0.03523        19       640    0.9406    0.9299     0.951    0.6581   0.02088  0.007175  0.005039
   136/299     5.92G   0.02141   0.01128  0.002223   0.03491        20       640    0.9359    0.9344    0.9508    0.6587   0.02088   0.00717  0.005047
   137/299     5.92G   0.02175   0.01115  0.002387   0.03529        20       640    0.9351    0.9357    0.9507    0.6588   0.02087  0.007173  0.005058
   138/299     5.92G   0.02159    0.0112  0.002255   0.03504        21       640    0.9362    0.9346    0.9507     0.659   0.02087   0.00717   0.00508
   139/299     5.92G   0.02153   0.01103  0.002166   0.03473        21       640    0.9333    0.9383     0.951    0.6595   0.02086  0.007171  0.005063
   140/299     5.92G   0.02145   0.01124  0.002033   0.03472        35       640    0.9332    0.9387     0.951    0.6594   0.02087  0.007164  0.005078
   141/299     5.92G   0.02138   0.01107  0.002083   0.03454        25       640    0.9337    0.9387    0.9512    0.6591   0.02086  0.007163  0.005062
   142/299     5.92G   0.02143   0.01109  0.002162   0.03468        28       640    0.9328    0.9403    0.9507    0.6588   0.02085  0.007157  0.005043
   143/299     5.92G   0.02137   0.01105  0.002068   0.03448        14       640    0.9361    0.9364    0.9502    0.6589   0.02086  0.007162  0.005055
   144/299     5.92G   0.02127     0.011  0.002166   0.03444        42       640    0.9334    0.9387    0.9503    0.6592   0.02085  0.007162  0.005051
   145/299     5.92G   0.02113   0.01099  0.002048   0.03417        25       640    0.9354    0.9365    0.9502    0.6589   0.02085  0.007161  0.005042
   146/299     5.92G   0.02124   0.01119  0.002215   0.03465        30       640    0.9356    0.9361    0.9504    0.6589   0.02084  0.007162  0.005034
   147/299     5.92G   0.02114   0.01089  0.002077   0.03412        37       640    0.9395    0.9323    0.9505    0.6594   0.02083  0.007165  0.005038
   148/299     5.92G   0.02114    0.0111  0.001982   0.03421        30       640    0.9395    0.9325    0.9509    0.6588   0.02083  0.007168   0.00503
   149/299     5.92G   0.02125   0.01113  0.002207   0.03458        14       640    0.9337    0.9386     0.951    0.6587   0.02082  0.007164  0.005032
   150/299     5.92G   0.02132   0.01113  0.002124   0.03457        32       640    0.9359     0.937    0.9508    0.6587   0.02082  0.007166  0.005041
   151/299     5.92G   0.02113   0.01111  0.002049    0.0343        17       640    0.9361     0.937    0.9506    0.6585   0.02082  0.007164  0.005028
   152/299     5.92G   0.02119   0.01101  0.002068   0.03427        28       640    0.9366    0.9369    0.9503     0.659   0.02081   0.00716  0.005021
   153/299     5.92G   0.02111   0.01103  0.002363    0.0345        46       640    0.9371    0.9365    0.9504    0.6595    0.0208  0.007156  0.005045
   154/299     5.92G   0.02108   0.01115  0.002063   0.03429        28       640    0.9371    0.9361    0.9503    0.6592    0.0208  0.007156   0.00507
   155/299     5.92G   0.02118   0.01093  0.002183   0.03429        30       640    0.9352    0.9378    0.9504    0.6595   0.02079  0.007155  0.005072
   156/299     5.92G     0.021    0.0109   0.00196   0.03386        19       640    0.9346    0.9387    0.9502    0.6591   0.02079  0.007159  0.005069
   157/299     5.92G    0.0211   0.01091  0.001973   0.03398        19       640    0.9378     0.935    0.9503    0.6591    0.0208   0.00716  0.005077
   158/299     5.92G   0.02078   0.01072  0.001921   0.03342        20       640    0.9375    0.9359    0.9503    0.6593    0.0208   0.00716   0.00509
   159/299     5.92G   0.02097   0.01091  0.001899   0.03378        22       640    0.9376    0.9359    0.9505    0.6597    0.0208  0.007159  0.005093
   160/299     5.92G   0.02071   0.01078  0.001734   0.03323        40       640     0.938    0.9353    0.9505    0.6598    0.0208  0.007158  0.005092
   161/299     5.92G   0.02083   0.01107  0.001834   0.03373        64       640    0.9385    0.9359     0.951    0.6598    0.0208   0.00716  0.005078
   162/299     5.92G   0.02099   0.01081  0.002226   0.03402        31       640    0.9373    0.9362     0.951    0.6596    0.0208  0.007161  0.005067
   163/299     5.92G   0.02064   0.01064  0.001979   0.03326        39       640    0.9373    0.9359    0.9511    0.6597    0.0208  0.007158  0.005078
   164/299     5.92G   0.02076   0.01083  0.002206   0.03379        16       640    0.9375    0.9359    0.9511    0.6596    0.0208  0.007159  0.005081
   165/299     5.92G   0.02068   0.01074  0.002147   0.03356        39       640    0.9372    0.9364    0.9508    0.6597    0.0208  0.007159  0.005079
   166/299     5.92G   0.02066   0.01076  0.002001   0.03342        74       640    0.9372    0.9364     0.951    0.6599    0.0208  0.007162  0.005074
   167/299     5.92G   0.02054    0.0107  0.001878   0.03311        22       640    0.9372    0.9362    0.9508    0.6598    0.0208  0.007164  0.005069
   168/299     5.92G   0.02072   0.01089  0.002053   0.03367        32       640    0.9368     0.937    0.9509    0.6595    0.0208  0.007166  0.005075
   169/299     5.92G   0.02058   0.01081  0.001817    0.0332        21       640    0.9383    0.9363    0.9508    0.6593    0.0208  0.007167  0.005072
   170/299     5.92G   0.02048   0.01078  0.001689   0.03295        45       640    0.9384    0.9367    0.9508    0.6592   0.02079  0.007167  0.005076
   171/299     5.92G   0.02022    0.0106   0.00151   0.03234        19       640     0.938    0.9367     0.951    0.6594   0.02079  0.007168  0.005077
   172/299     5.92G   0.02032   0.01073  0.001955     0.033        27       640    0.9376    0.9365    0.9506    0.6594   0.02079   0.00717  0.005086
   173/299     5.92G   0.02028   0.01075  0.001639   0.03266        22       640    0.9375    0.9367    0.9508    0.6594   0.02079  0.007171    0.0051
   174/299     5.92G    0.0205    0.0108   0.00211   0.03341        21       640    0.9371     0.937    0.9509     0.659   0.02079  0.007171  0.005098
   175/299     5.92G   0.02013   0.01041  0.001698   0.03224        24       640    0.9371     0.937    0.9508    0.6588   0.02079  0.007172  0.005107
   176/299     5.92G   0.02018   0.01052  0.001877   0.03258        18       640    0.9369    0.9368    0.9508    0.6587   0.02079  0.007174  0.005119
   177/299     5.92G   0.02035   0.01066  0.001989     0.033        26       640    0.9369    0.9365    0.9506    0.6584   0.02079  0.007175  0.005131
   178/299     5.92G   0.02023   0.01067  0.001951   0.03285        22       640    0.9358    0.9375    0.9505    0.6584   0.02079  0.007177  0.005141
   179/299     5.92G   0.01999   0.01051  0.001646   0.03215        28       640    0.9355    0.9377    0.9505    0.6585   0.02079  0.007178  0.005143
   180/299     5.92G   0.02023   0.01069  0.001888   0.03281        70       640     0.936     0.938    0.9508    0.6583   0.02079   0.00718  0.005146
   181/299     5.92G   0.02012    0.0106  0.001856   0.03258        27       640    0.9353    0.9385    0.9509    0.6584   0.02079  0.007182  0.005148
   182/299     5.92G   0.01991    0.0106  0.001914   0.03242        29       640     0.938    0.9359    0.9513    0.6585   0.02079  0.007183  0.005149
   183/299     5.92G   0.02004   0.01048  0.001906   0.03243        31       640    0.9379    0.9366    0.9513    0.6583   0.02079  0.007185  0.005151
   184/299     5.92G   0.02025   0.01064  0.001781   0.03267        14       640    0.9383    0.9363    0.9513    0.6582   0.02079  0.007186  0.005156
   185/299     5.92G   0.02015   0.01057  0.001664   0.03239        20       640    0.9353    0.9388     0.951    0.6581   0.02079  0.007186  0.005161
   186/299     5.92G   0.02001   0.01062  0.001725   0.03235        34       640    0.9329    0.9415    0.9509     0.658   0.02079  0.007187  0.005166
   187/299     5.92G   0.01975    0.0105  0.001717   0.03196        16       640    0.9353    0.9388     0.951    0.6581   0.02079  0.007188  0.005165
   188/299     5.92G   0.01978   0.01047  0.001642   0.03189        20       640    0.9335    0.9406     0.951    0.6579   0.02079   0.00719  0.005165
   189/299     5.92G   0.01997   0.01059  0.001792   0.03236        20       640    0.9354    0.9389    0.9509    0.6578   0.02079  0.007192  0.005167
   190/299     5.92G   0.01976   0.01044  0.001752   0.03195        30       640    0.9353    0.9387    0.9509    0.6581   0.02079  0.007195  0.005166
   191/299     5.92G   0.01973   0.01041  0.001827   0.03197        25       640    0.9351    0.9387    0.9509    0.6582    0.0208  0.007196  0.005168
   192/299     5.92G      0.02   0.01057  0.002238   0.03281        25       640    0.9344    0.9393    0.9508    0.6584   0.02079  0.007198  0.005168
   193/299     5.92G   0.01972   0.01056  0.001812   0.03209        29       640    0.9331    0.9408    0.9507    0.6589   0.02079  0.007199  0.005175
   194/299     5.92G      0.02   0.01047  0.001796   0.03226        25       640    0.9345    0.9395    0.9507    0.6584    0.0208    0.0072  0.005179
   195/299     5.92G   0.01982   0.01059  0.001696    0.0321        23       640    0.9344    0.9392    0.9506    0.6585    0.0208  0.007201  0.005187
   196/299     5.92G   0.01989   0.01045  0.001531   0.03187        31       640     0.935    0.9386    0.9506    0.6583    0.0208  0.007202  0.005188
   197/299     5.92G   0.01973   0.01061  0.001714   0.03205        22       640    0.9351     0.939    0.9505    0.6581    0.0208  0.007203  0.005189
   198/299     5.92G   0.01953   0.01036  0.001702   0.03159        30       640    0.9299    0.9447    0.9505    0.6581    0.0208  0.007205  0.005192
   199/299     5.92G   0.01933    0.0103  0.001614   0.03124        25       640    0.9301    0.9445    0.9505    0.6582    0.0208  0.007206  0.005195
   200/299     5.92G   0.01977   0.01047  0.001756     0.032        30       640    0.9299    0.9445    0.9506    0.6584    0.0208  0.007208    0.0052
   201/299     5.92G   0.01952   0.01032  0.001686   0.03153        36       640    0.9304    0.9448    0.9504    0.6581    0.0208  0.007209  0.005202
   202/299     5.92G   0.01961   0.01039   0.00138   0.03138        46       640    0.9304    0.9448    0.9505    0.6583    0.0208  0.007211   0.00521
   203/299     5.92G   0.01965   0.01036  0.001923   0.03193        21       640    0.9307    0.9448    0.9504    0.6585    0.0208  0.007212  0.005209
   204/299     5.92G   0.01929   0.01029   0.00157   0.03116        29       640    0.9306    0.9448    0.9503    0.6584   0.02081  0.007214  0.005209
   205/299     5.92G   0.01945   0.01029  0.001626   0.03136        32       640    0.9306    0.9448    0.9503    0.6587   0.02081  0.007216  0.005213
   206/299     5.92G   0.01935   0.01016  0.001727   0.03124        28       640    0.9307    0.9448    0.9504    0.6588   0.02081  0.007218  0.005215
   207/299     5.92G   0.01933   0.01033  0.001561   0.03122        22       640    0.9314    0.9434    0.9504    0.6588   0.02081  0.007219  0.005211
   208/299     5.92G   0.01924   0.01011  0.001496   0.03085        28       640    0.9356    0.9393    0.9504    0.6588   0.02081  0.007221  0.005213
   209/299     5.92G   0.01923   0.01005  0.001411    0.0307        25       640    0.9307    0.9442    0.9504    0.6588   0.02081  0.007222  0.005217
   210/299     5.92G   0.01898   0.01028   0.00155   0.03081        34       640    0.9305    0.9447    0.9504    0.6586   0.02081  0.007223  0.005223
   211/299     5.92G   0.01883    0.0101  0.001589   0.03052        36       640    0.9321    0.9432    0.9503    0.6586   0.02081  0.007224  0.005227
   212/299     5.92G    0.0188   0.01006  0.001461   0.03032        15       640    0.9321    0.9432    0.9502    0.6588   0.02082  0.007225  0.005229
   213/299     5.92G   0.01886   0.01005  0.001384   0.03029        16       640    0.9321    0.9434    0.9501    0.6581   0.02082  0.007227  0.005232
   214/299     5.92G   0.01872   0.00993  0.001451    0.0301        37       640    0.9321    0.9434    0.9501    0.6581   0.02082  0.007229  0.005234
   215/299     5.92G   0.01886   0.01005  0.001291    0.0302        32       640    0.9321    0.9435    0.9501     0.658   0.02082   0.00723  0.005238
   216/299     5.92G   0.01888   0.01023  0.001461   0.03057        21       640    0.9321    0.9435    0.9501    0.6584   0.02083  0.007231  0.005242
   217/299     5.92G   0.01881   0.01001  0.001459   0.03028        19       640     0.931    0.9441    0.9501    0.6581   0.02083  0.007232  0.005243
   218/299     5.92G   0.01867   0.00994  0.001408   0.03002        37       640     0.931    0.9441    0.9501    0.6582   0.02083  0.007234  0.005248
   219/299     5.92G   0.01859      0.01  0.001345   0.02994        39       640    0.9314    0.9437      0.95    0.6583   0.02084  0.007236  0.005253
   220/299     5.92G   0.01867   0.01007  0.001218   0.02996        19       640    0.9312    0.9438    0.9499    0.6584   0.02084  0.007237   0.00526
   221/299     5.92G    0.0185  0.009844  0.001254    0.0296        24       640    0.9314    0.9435      0.95    0.6582   0.02084  0.007238  0.005266
   222/299     5.92G   0.01848  0.009944  0.001446   0.02987        18       640    0.9312    0.9435    0.9499     0.658   0.02084   0.00724  0.005272
   223/299     5.92G   0.01865   0.01009  0.001449   0.03018        36       640    0.9305    0.9441      0.95    0.6581   0.02084   0.00724  0.005275
   224/299     5.92G   0.01838   0.01004  0.001563   0.02998        25       640    0.9305    0.9441      0.95    0.6584   0.02084  0.007242  0.005281
   225/299     5.92G    0.0187   0.01016  0.001431   0.03029        20       640    0.9315    0.9427    0.9496     0.658   0.02084  0.007242  0.005285
   226/299     5.92G   0.01859  0.009909  0.001304    0.0298        27       640    0.9316    0.9426    0.9498    0.6583   0.02085  0.007243  0.005292
   227/299     5.92G   0.01828  0.009912  0.001244   0.02943        22       640    0.9316    0.9427    0.9494    0.6582   0.02085  0.007245  0.005298
   228/299     5.92G   0.01843  0.009966  0.001471   0.02987        18       640    0.9362     0.938    0.9494    0.6582   0.02085  0.007246    0.0053
   229/299     5.92G   0.01846   0.01009  0.001408   0.02995        36       640    0.9358    0.9385    0.9492    0.6582   0.02086  0.007247  0.005308
   230/299     5.92G   0.01846   0.01003  0.001407    0.0299        25       640     0.936    0.9382    0.9489     0.658   0.02086  0.007247  0.005314
   231/299     5.92G   0.01836  0.009927  0.001269   0.02956        27       640    0.9316    0.9429    0.9488     0.658   0.02086  0.007247  0.005318
   232/299     5.92G   0.01825  0.009944  0.001296   0.02949        22       640    0.9316    0.9428    0.9487    0.6578   0.02086  0.007248  0.005323
   233/299     5.92G    0.0183  0.009798  0.001221   0.02932        31       640    0.9316     0.943    0.9488    0.6579   0.02087  0.007249  0.005327
   234/299     5.92G   0.01824  0.009815  0.001317   0.02937        20       640    0.9316    0.9428    0.9487    0.6578   0.02087  0.007249   0.00533
   235/299     5.92G   0.01833  0.009919  0.001302   0.02955        27       640    0.9316    0.9428    0.9489    0.6578   0.02087   0.00725  0.005335
   236/299     5.92G   0.01835   0.01001  0.001333   0.02969        62       640    0.9313    0.9429    0.9489    0.6579   0.02087   0.00725  0.005336
   237/299     5.92G   0.01819  0.009803  0.001271   0.02926        24       640    0.9314    0.9426    0.9489     0.658   0.02087  0.007251  0.005337
   238/299     5.92G   0.01801  0.009786  0.001338   0.02913        52       640    0.9318    0.9422    0.9489     0.658   0.02088  0.007252   0.00534
   239/299     5.92G   0.01795  0.009651  0.001181   0.02878        21       640    0.9318     0.942    0.9489    0.6577   0.02088  0.007253  0.005344
   240/299     5.92G   0.01796  0.009732  0.001183   0.02888        40       640     0.932     0.942     0.949    0.6576   0.02088  0.007253  0.005347
   241/299     5.92G   0.01806  0.009884  0.001398   0.02934        36       640    0.9318    0.9423     0.949    0.6577   0.02089  0.007255  0.005349
   242/299     5.92G   0.01804  0.009815  0.001493   0.02934        24       640    0.9354    0.9388     0.949    0.6577   0.02089  0.007256  0.005351
   243/299     5.92G   0.01792  0.009644  0.001197   0.02877        32       640    0.9357    0.9388    0.9489    0.6574   0.02089  0.007258  0.005353
   244/299     5.92G   0.01785   0.00971  0.001229   0.02879        22       640    0.9362    0.9383    0.9489    0.6573    0.0209  0.007259  0.005357
   245/299     5.92G   0.01765  0.009443  0.001169   0.02826        20       640     0.936    0.9385    0.9488    0.6574    0.0209   0.00726  0.005359
   246/299     5.92G   0.01779  0.009581  0.001175   0.02855        21       640    0.9377    0.9369    0.9488    0.6571    0.0209   0.00726  0.005362
   247/299     5.92G   0.01791  0.009625  0.001292   0.02883        24       640    0.9376    0.9372    0.9487    0.6575    0.0209  0.007261  0.005363
   248/299     5.92G   0.01764  0.009667  0.001348   0.02865        25       640    0.9377    0.9372    0.9489    0.6573    0.0209  0.007262  0.005363
   249/299     5.92G   0.01784  0.009766   0.00121   0.02881        36       640    0.9377    0.9372    0.9489    0.6569    0.0209  0.007263  0.005363
   250/299     5.92G   0.01779  0.009614  0.001378   0.02878        42       640    0.9374    0.9372    0.9488    0.6568   0.02091  0.007264  0.005363
   251/299     5.92G   0.01784  0.009727  0.001047   0.02861        27       640    0.9377    0.9372    0.9484    0.6569   0.02091  0.007265  0.005363
   252/299     5.92G   0.01753  0.009452  0.001121    0.0281        17       640    0.9372    0.9377    0.9485    0.6567   0.02091  0.007266  0.005362
   253/299     5.92G   0.01767  0.009565  0.001127   0.02836        24       640    0.9371    0.9378    0.9484    0.6565   0.02092  0.007268  0.005362
   254/299     5.92G   0.01756  0.009585  0.001248   0.02839        33       640    0.9372    0.9378    0.9485    0.6566   0.02092  0.007269  0.005363
   255/299     5.92G   0.01757  0.009603   0.00108   0.02825        27       640    0.9372    0.9383    0.9486    0.6565   0.02092   0.00727  0.005366
   256/299     5.92G    0.0175  0.009619  0.001178    0.0283        30       640    0.9372    0.9383    0.9486    0.6563   0.02092  0.007271   0.00537
   257/299     5.92G    0.0176  0.009507  0.001097    0.0282        16       640    0.9372    0.9383    0.9486    0.6561   0.02092  0.007271  0.005373
   258/299     5.92G   0.01756  0.009509  0.001257   0.02833        16       640    0.9369    0.9385    0.9487    0.6562   0.02093  0.007273  0.005372
   259/299     5.92G   0.01788  0.009742  0.001558   0.02918        22       640    0.9367    0.9388    0.9486     0.656   0.02093  0.007274  0.005372
   260/299     5.92G   0.01769  0.009573  0.001329   0.02859        28       640     0.936    0.9396    0.9485    0.6562   0.02093  0.007274  0.005373
   261/299     5.92G   0.01754  0.009641  0.001213    0.0284        73       640    0.9365    0.9394    0.9485    0.6559   0.02094  0.007275  0.005376
   262/299     5.92G   0.01771  0.009566  0.001373   0.02865        22       640    0.9369    0.9393    0.9485     0.656   0.02094  0.007276  0.005379
   263/299     5.92G   0.01756  0.009781  0.001249   0.02859        23       640    0.9369    0.9393    0.9486    0.6558   0.02094  0.007277   0.00538
   264/299     5.92G   0.01749  0.009674  0.001338    0.0285        29       640    0.9368     0.939    0.9486    0.6555   0.02094  0.007278  0.005382
   265/299     5.92G   0.01747  0.009617  0.001173   0.02826        25       640    0.9367     0.939    0.9485    0.6554   0.02095   0.00728  0.005382
   266/299     5.92G   0.01732  0.009362  0.001273   0.02795        26       640    0.9365    0.9388    0.9485    0.6553   0.02095  0.007282  0.005382
   267/299     5.92G   0.01702  0.009205  0.001135   0.02736        64       640    0.9363     0.939    0.9484    0.6555   0.02096  0.007284  0.005382
   268/299     5.92G   0.01717   0.00952  0.001212   0.02791        23       640    0.9372    0.9379    0.9485    0.6552   0.02096  0.007286  0.005382
   269/299     5.92G   0.01716  0.009358  0.001124   0.02764        26       640    0.9365    0.9385    0.9484    0.6548   0.02096  0.007288  0.005385
   270/299     5.92G    0.0172  0.009587  0.001189   0.02798        60       640    0.9367    0.9385    0.9484    0.6548   0.02097   0.00729  0.005388
   271/299     5.92G   0.01732  0.009323  0.001104   0.02775        25       640    0.9357    0.9392    0.9484    0.6545   0.02097  0.007291  0.005391
   272/299     5.92G   0.01736  0.009528  0.001159   0.02804        52       640    0.9356    0.9395    0.9483    0.6541   0.02098  0.007293  0.005395
   273/299     5.92G   0.01712  0.009519  0.001015   0.02765        33       640     0.936     0.939    0.9483    0.6543   0.02098  0.007294  0.005397
   274/299     5.92G   0.01716  0.009345  0.001063   0.02756        30       640    0.9355    0.9396    0.9483    0.6543   0.02098  0.007295  0.005399
   275/299     5.92G   0.01702  0.009293   0.00101   0.02733        34       640    0.9361    0.9393    0.9483    0.6543   0.02098  0.007297  0.005404
   276/299     5.92G   0.01716   0.00926  0.001052   0.02747        18       640    0.9357    0.9396    0.9483    0.6542   0.02099  0.007299  0.005409
   277/299     5.92G   0.01736  0.009511  0.001265   0.02813        23       640    0.9349    0.9401    0.9482    0.6541   0.02099  0.007301  0.005413
   278/299     5.92G   0.01738  0.009473  0.001214   0.02807        14       640    0.9352    0.9396    0.9482    0.6539   0.02099  0.007302  0.005414
   279/299     5.92G   0.01724  0.009363  0.001176   0.02778        21       640    0.9364    0.9382    0.9482    0.6536     0.021  0.007302  0.005414
   280/299     5.92G   0.01694  0.009355  0.001027   0.02732        23       640    0.9352    0.9396    0.9481    0.6538     0.021  0.007304  0.005412
   281/299     5.92G   0.01692  0.009433  0.001151    0.0275        16       640    0.9364    0.9382     0.948    0.6537     0.021  0.007305  0.005412
   282/299     5.92G   0.01692  0.009277  0.001054   0.02725        24       640    0.9359    0.9389    0.9481    0.6536   0.02101  0.007306  0.005412
   283/299     5.92G   0.01697   0.00907  0.001089   0.02713        21       640    0.9359    0.9388    0.9479    0.6537   0.02101  0.007307  0.005413
   284/299     5.92G   0.01688  0.009392  0.001229    0.0275        18       640     0.936    0.9388    0.9479    0.6541   0.02101  0.007309  0.005414
   285/299     5.92G   0.01705  0.009299  0.001078   0.02743        18       640    0.9358     0.939    0.9479    0.6537   0.02102  0.007309  0.005412
   286/299     5.92G     0.017  0.009436  0.001153   0.02759        20       640    0.9361    0.9387    0.9479    0.6535   0.02102  0.007311  0.005412
   287/299     5.92G   0.01685    0.0092   0.00112   0.02717        64       640    0.9358     0.939    0.9479    0.6534   0.02102  0.007313  0.005411
   288/299     5.92G   0.01695  0.009293  0.001006   0.02724        18       640    0.9361    0.9389    0.9479    0.6536   0.02103  0.007315   0.00541
   289/299     5.92G   0.01681  0.009237  0.001035   0.02708        30       640    0.9361     0.939    0.9478    0.6534   0.02103  0.007316  0.005409
   290/299     5.92G   0.01693  0.009263   0.00098   0.02717        48       640    0.9361     0.939    0.9478     0.653   0.02103  0.007318  0.005408
   291/299     5.92G   0.01675  0.009284  0.001099   0.02713        24       640    0.9361    0.9387    0.9478    0.6526   0.02104   0.00732  0.005407
   292/299     5.92G   0.01667  0.009234   0.00104   0.02695        33       640    0.9361     0.939    0.9477    0.6526   0.02104  0.007321  0.005409
   293/299     5.92G   0.01687  0.009337  0.001177   0.02739        22       640    0.9355     0.939    0.9478    0.6528   0.02104  0.007324  0.005412
   294/299     5.92G   0.01698  0.009323   0.00111   0.02741        13       640    0.9361    0.9382    0.9477    0.6525   0.02105  0.007325  0.005416
   295/299     5.92G   0.01694  0.009321  0.001007   0.02727        30       640    0.9356    0.9388    0.9478    0.6524   0.02105  0.007327  0.005416
   296/299     5.92G   0.01668  0.009223   0.00113   0.02703        26       640    0.9355    0.9388    0.9478    0.6527   0.02105  0.007328  0.005417
   297/299     5.92G   0.01679  0.009141  0.001004   0.02694        19       640    0.9371    0.9372    0.9478    0.6524   0.02105   0.00733  0.005416
   298/299     5.92G   0.01688  0.009371  0.001105   0.02736        45       640    0.9331     0.941    0.9477    0.6523   0.02106  0.007332  0.005417
   299/299     5.92G   0.01689  0.009159  0.001058   0.02711        79       640    0.9371    0.9371    0.9476    0.6525   0.02106  0.007334  0.005418
