     0/299     6.36G   0.09819   0.08871   0.01999    0.2069        44       640    0.3347    0.3242    0.2362   0.06869   0.06866   0.06272   0.01677
     1/299     5.09G   0.07897   0.07727   0.01286    0.1691        55       640    0.4781    0.5417    0.4628    0.1666   0.05794   0.04427   0.00965
     2/299     5.34G   0.07217   0.07237   0.01019    0.1547        42       640    0.6578    0.6272    0.6492    0.2623   0.05105   0.04167   0.01041
     3/299     5.34G   0.06685   0.06774  0.008884    0.1435        31       640     0.727    0.7224    0.7448     0.369   0.04345   0.04296  0.008421
     4/299     5.34G   0.06075   0.06643  0.008011    0.1352        34       640    0.8093    0.7781    0.8125    0.4027   0.04001   0.03706  0.007226
     5/299     5.34G   0.05875   0.06522  0.006867    0.1308        69       640    0.7587    0.7847    0.7889    0.4034   0.03837   0.03685   0.01094
     6/299     5.34G   0.05496   0.06171   0.00626    0.1229        35       640    0.8585    0.7816    0.8369    0.4485   0.03656   0.03593  0.007153
     7/299     5.34G   0.05219   0.06125   0.00574    0.1192        33       640    0.8797    0.8071     0.869     0.473   0.03579   0.03564  0.006638
     8/299     5.34G   0.05125   0.05987   0.00509    0.1162        30       640    0.8741    0.8493    0.8814    0.5063   0.03397   0.03347  0.006916
     9/299     5.34G   0.04982   0.05854  0.005122    0.1135        27       640    0.8764    0.8368    0.8821    0.5227   0.03316   0.03354  0.006623
    10/299     5.34G   0.04916   0.05871  0.004988    0.1129        34       640     0.857     0.855    0.8811     0.522   0.03306   0.03438  0.006706
    11/299     5.34G   0.04779   0.05832  0.004717    0.1108        39       640    0.8616     0.838    0.8754    0.5067   0.03413   0.03321  0.006996
    12/299     5.34G   0.04755    0.0582  0.004411    0.1102        38       640    0.8845    0.8488    0.8875    0.5248   0.03187   0.03377  0.006615
    13/299     5.34G   0.04722   0.05593  0.004414    0.1076        41       640    0.8779    0.8771    0.8892     0.531   0.03133   0.03319  0.006319
    14/299     5.34G   0.04621   0.05583  0.004472    0.1065        67       640    0.8695     0.869    0.8978    0.5408   0.03085   0.03294  0.006378
    15/299     5.34G   0.04631    0.0564  0.004364    0.1071        43       640    0.8816    0.8681     0.901    0.5444   0.03117    0.0319  0.006515
    16/299     5.34G   0.04563   0.05534  0.004276    0.1052        63       640    0.8533    0.8422    0.8827     0.545   0.03059   0.03171  0.007822
    17/299     5.34G   0.04487   0.05491  0.004062    0.1038        31       640    0.8783     0.882    0.9084    0.5582   0.03045   0.03193  0.006323
    18/299     5.34G   0.04474    0.0555  0.003858    0.1041        40       640     0.875    0.8765    0.9071    0.5568    0.0302   0.03118  0.005989
    19/299     5.34G   0.04496   0.05558  0.003816    0.1044        27       640    0.8908     0.879     0.906    0.5607   0.03007   0.03255  0.005727
    20/299     5.34G   0.04423   0.05466  0.003887    0.1028        42       640    0.8936      0.87     0.906    0.5677   0.02988   0.03155   0.00561
    21/299     5.34G   0.04341     0.053  0.003726    0.1001        47       640    0.8894    0.8852    0.9078    0.5679   0.02964   0.03134  0.005947
    22/299     5.34G   0.04339   0.05377  0.003638    0.1008        28       640    0.8889     0.871    0.9065    0.5613   0.03002   0.03127  0.005774
    23/299     5.34G   0.04321   0.05341  0.003557    0.1002        63       640    0.8872    0.8925    0.9099    0.5639   0.02981   0.03175  0.005995
    24/299     5.34G    0.0432    0.0532  0.003715    0.1001        29       640     0.901    0.8696    0.9108    0.5734   0.02961   0.03085  0.006097
    25/299     5.34G   0.04294   0.05225  0.003497   0.09869        30       640    0.8783    0.8909    0.9104    0.5617   0.02951   0.03108  0.006229
    26/299     5.34G   0.04183     0.052  0.003412   0.09724        55       640    0.8934    0.8685    0.9078    0.5717   0.02939   0.03128  0.006126
    27/299     5.34G   0.04237    0.0527  0.003328    0.0984        60       640    0.8738    0.8885    0.9134    0.5784   0.02927   0.03168  0.005702
    28/299     5.34G   0.04223   0.05217  0.003158   0.09755        41       640    0.8806    0.9017    0.9137    0.5771   0.02915   0.03109  0.005782
    29/299     5.34G   0.04246   0.05267  0.003134   0.09825        43       640     0.873    0.9035      0.91    0.5776   0.02882   0.03135  0.006346
    30/299     5.34G   0.04263   0.05172  0.003388   0.09774        47       640    0.8888    0.8996    0.9187    0.5818   0.02918   0.03115  0.006105
    31/299     5.34G   0.04198   0.05167  0.003052    0.0967        51       640    0.8888    0.8886    0.9151    0.5802    0.0289   0.03077  0.006039
    32/299     5.34G   0.04137   0.05134  0.003012   0.09572        45       640    0.8854    0.8986    0.9117    0.5712   0.02909   0.03065  0.006336
    33/299     5.34G   0.04182   0.05086  0.003184   0.09586        39       640    0.9036    0.8847    0.9171    0.5763   0.02895   0.03135  0.006233
    34/299     5.34G   0.04127   0.05203  0.003103   0.09641        42       640    0.8841    0.8952    0.9173     0.586   0.02866   0.03096  0.006118
    35/299     5.34G     0.041   0.05162  0.003151   0.09577        92       640    0.8751    0.9093    0.9105      0.58    0.0287   0.03135  0.006378
    36/299     5.34G   0.04078   0.05051  0.003101    0.0944        23       640    0.8624    0.9076    0.9073    0.5772   0.02846   0.03094  0.006195
    37/299     5.34G    0.0413   0.05034  0.003022   0.09466        37       640     0.891    0.8887    0.9169    0.5791   0.02857   0.03035  0.006605
    38/299     5.34G   0.04085   0.05164  0.002828   0.09532        57       640    0.9056    0.8789    0.9163     0.582   0.02839   0.03032  0.006144
    39/299     5.34G   0.04094   0.05153  0.002799   0.09526        41       640    0.8977    0.8852    0.9148    0.5843   0.02826    0.0305  0.006223
    40/299     5.34G   0.04036   0.05017  0.002927   0.09345        73       640    0.8943    0.9018    0.9158    0.5933   0.02822   0.03033  0.006359
    41/299     5.34G    0.0412      0.05  0.002677   0.09387        54       640    0.8788     0.906     0.917    0.5882     0.028   0.03044   0.00604
    42/299     5.34G   0.04131   0.04974   0.00282   0.09387       109       640    0.8827    0.9012    0.9155    0.5825   0.02814   0.03083  0.006248
    43/299     5.34G   0.04069   0.05086  0.002587   0.09413        54       640    0.8919    0.8969    0.9181    0.5918   0.02803   0.03053  0.006856
    44/299     5.34G   0.04022   0.05011  0.002793   0.09312        34       640    0.8954     0.898    0.9174    0.5912   0.02797   0.03013  0.006284
    45/299     5.34G   0.03974   0.05001   0.00258   0.09232        62       640    0.8958    0.8881    0.9173    0.5935    0.0278   0.03054  0.006208
    46/299     5.34G    0.0397   0.04964  0.002524   0.09186        55       640    0.9008    0.8931    0.9174    0.5905   0.02793   0.03054  0.006446
    47/299     5.34G   0.03972   0.04974  0.002544     0.092        26       640    0.8868    0.8962    0.9184    0.5929   0.02792   0.03074  0.006297
    48/299     5.34G   0.03985   0.04897  0.002663   0.09148        71       640    0.8924    0.8967    0.9225    0.5973   0.02774   0.03014  0.006568
    49/299     5.34G    0.0397   0.04962   0.00245   0.09177        50       640    0.8831    0.9081    0.9209    0.5922    0.0277   0.03029  0.006451
    50/299     5.34G   0.03942   0.04865  0.002728    0.0908        40       640    0.8943    0.8974    0.9177    0.5862   0.02783   0.03039  0.005969
    51/299     5.34G   0.04013   0.04926  0.002574   0.09196        46       640    0.8937    0.9078    0.9268    0.6018   0.02764   0.03001  0.005813
    52/299     5.34G   0.03966   0.04901  0.002665   0.09133        45       640    0.8842    0.9173    0.9262    0.5992     0.028   0.03018  0.005902
    53/299     5.34G   0.03927   0.04862  0.002366   0.09025        74       640    0.8875    0.9102    0.9242    0.5983   0.02763    0.0299  0.006033
    54/299     5.34G   0.04015   0.04919  0.002428   0.09176        39       640    0.8985    0.8949     0.917    0.5937   0.02759    0.0303  0.006084
    55/299     5.34G   0.03845   0.04832  0.002359   0.08913        46       640    0.8783    0.9109    0.9206    0.5926   0.02744   0.02992  0.005892
    56/299     5.34G   0.03902    0.0483  0.002534   0.08985        46       640     0.884    0.9131    0.9232    0.5958   0.02736   0.03015    0.0061
    57/299     5.34G   0.03905   0.04928  0.002344   0.09067        38       640    0.8948    0.9093    0.9235    0.5962   0.02747   0.03019   0.00651
    58/299     5.34G   0.03866   0.04825  0.002342   0.08926        47       640    0.8947     0.907    0.9233    0.5974   0.02737   0.02993  0.006007
    59/299     5.34G   0.03904   0.04764  0.002388   0.08907        39       640      0.89     0.901    0.9243    0.5968   0.02739   0.03002  0.006454
    60/299     5.34G   0.03845   0.04921  0.002365   0.09003        35       640    0.8863     0.911    0.9242    0.5967   0.02747   0.03012  0.006432
    61/299     5.34G     0.039    0.0487  0.002228   0.08993        58       640    0.8992    0.9037    0.9268    0.6056   0.02709   0.02975  0.006067
    62/299     5.34G   0.03912   0.04836  0.002258   0.08973        47       640    0.9034    0.8983     0.927    0.6044   0.02738   0.02981  0.006385
    63/299     5.34G   0.03909   0.04765  0.002274   0.08901        41       640    0.8937    0.9045     0.923    0.6021   0.02719   0.03003  0.006659
    64/299     5.34G   0.03824   0.04835  0.002162   0.08875        91       640    0.8903    0.9046    0.9207    0.6016   0.02721      0.03  0.006429
    65/299     5.34G   0.03846    0.0487  0.002287   0.08946        41       640    0.8803    0.9124     0.914    0.5979   0.02721   0.03008  0.006593
    66/299     5.34G   0.03836    0.0479  0.002173   0.08844        67       640    0.8928    0.9095    0.9266    0.6055   0.02705   0.02971  0.006386
    67/299     5.34G   0.03807    0.0482  0.002261   0.08853        39       640    0.8931    0.9121    0.9223    0.5979   0.02707   0.02965  0.006452
    68/299     5.34G   0.03788   0.04802  0.002048   0.08794        44       640    0.8971    0.9148    0.9276    0.6018    0.0273   0.02956  0.006148
    69/299     5.34G   0.03831   0.04814  0.002272   0.08873        38       640    0.8886    0.9212    0.9242    0.6005   0.02721   0.02969  0.006494
    70/299     5.34G   0.03787   0.04779  0.002142    0.0878        48       640    0.9034    0.9051    0.9254    0.6014   0.02718   0.02971  0.006271
    71/299     5.34G   0.03852   0.04857  0.002196   0.08928        40       640    0.9001    0.9089    0.9233    0.6036   0.02703   0.02988  0.005954
    72/299     5.34G   0.03838   0.04779  0.002313   0.08848        35       640    0.9166     0.898    0.9273    0.6083   0.02702   0.02962    0.0062
    73/299     5.34G   0.03832   0.04707  0.002262   0.08765        47       640    0.9016    0.9079    0.9268    0.6055   0.02718   0.02976  0.006391
    74/299     5.34G   0.03792   0.04668  0.002151   0.08675        37       640    0.9047    0.9079    0.9229    0.6032    0.0271   0.03013   0.00662
    75/299     5.34G   0.03818   0.04768  0.001978   0.08784        48       640    0.8945    0.9183    0.9261    0.6024     0.027   0.02976  0.006662
    76/299     5.34G    0.0373   0.04687  0.002143   0.08631        39       640    0.8891    0.9184    0.9287    0.6028   0.02709   0.02982  0.006525
    77/299     5.34G   0.03805   0.04691  0.002168   0.08713        45       640    0.8991     0.909    0.9243     0.604   0.02702   0.02976  0.006482
    78/299     5.34G    0.0374   0.04669  0.002029   0.08611        64       640    0.8968    0.9167    0.9275    0.6074     0.027    0.0296  0.006488
    79/299     5.34G   0.03795   0.04701  0.002133    0.0871        47       640    0.8939    0.9166    0.9278     0.607   0.02706   0.02977  0.006395
    80/299     5.34G    0.0383   0.04687  0.001949   0.08712        38       640    0.8984     0.911    0.9289    0.6079   0.02685   0.02963  0.006322
    81/299     5.34G   0.03751   0.04662  0.001906   0.08603        45       640    0.9034    0.9098    0.9276    0.6085   0.02689   0.02975  0.006608
    82/299     5.34G   0.03741   0.04692     0.002   0.08633        41       640    0.8934    0.9169    0.9263    0.6036   0.02689   0.02977  0.006586
    83/299     5.34G   0.03702   0.04685  0.001977   0.08585        39       640    0.9043    0.9072    0.9274    0.6053    0.0268   0.02972  0.006392
    84/299     5.34G   0.03689   0.04671  0.001988   0.08559        41       640    0.8965    0.9119     0.928    0.6084   0.02687   0.02974  0.006554
    85/299     5.34G   0.03709    0.0471  0.001972   0.08616        34       640     0.896     0.915    0.9248    0.6049   0.02682   0.02979  0.006689
    86/299     5.34G    0.0373   0.04552  0.002247   0.08507        41       640    0.8939    0.9201    0.9265    0.6099   0.02681   0.02977  0.006426
    87/299     5.34G   0.03747   0.04667  0.002022   0.08617        45       640    0.9008    0.9133    0.9257    0.6074   0.02692   0.02987  0.006435
    88/299     5.34G   0.03698   0.04622  0.001874   0.08507        29       640     0.892    0.9196    0.9273    0.6082   0.02674   0.02975  0.006539
    89/299     5.34G    0.0372   0.04652  0.001952   0.08567        35       640    0.8917    0.9165    0.9299    0.6104   0.02678    0.0298  0.006353
    90/299     5.34G   0.03698   0.04641  0.001956   0.08534        31       640    0.8863    0.9259    0.9294    0.6103   0.02677   0.02979    0.0064
    91/299     5.34G   0.03741   0.04666  0.001958   0.08603        72       640    0.8878    0.9238    0.9286     0.611   0.02674   0.02977  0.006434
    92/299     5.34G   0.03627   0.04592  0.001963   0.08416        33       640    0.8925    0.9199      0.93    0.6104   0.02661   0.02985  0.006515
    93/299     5.34G   0.03667   0.04687  0.002062    0.0856        67       640    0.9001    0.9098    0.9313    0.6111   0.02674      0.03  0.006289
    94/299     5.34G   0.03748   0.04681   0.00186   0.08615        34       640    0.9014    0.9096    0.9297    0.6114   0.02661   0.02991  0.006243
    95/299     5.34G   0.03686   0.04606  0.001774   0.08469        32       640    0.8926    0.9215    0.9286    0.6087   0.02654   0.02984  0.006456
    96/299     5.34G   0.03732   0.04609  0.001899   0.08531        30       640    0.8963    0.9128    0.9296    0.6093   0.02656   0.02983  0.006613
    97/299     5.34G   0.03664    0.0451  0.001836   0.08358        25       640    0.9051    0.9082    0.9319    0.6125   0.02654   0.02984  0.006678
    98/299     5.34G    0.0362   0.04562  0.001855   0.08367        36       640    0.8955    0.9141    0.9285    0.6109   0.02658   0.02991  0.006758
    99/299     5.34G   0.03623   0.04563  0.001851   0.08371        27       640     0.898    0.9172    0.9276    0.6106   0.02664   0.02996  0.006833
   100/299     5.34G   0.03665   0.04543  0.001975   0.08405        43       640    0.8936    0.9179     0.926    0.6109   0.02664   0.02985  0.006847
   101/299     5.34G   0.03671   0.04472  0.001709   0.08314        43       640    0.8981    0.9194    0.9273    0.6134   0.02657   0.02995  0.006853
   102/299     5.34G   0.03646   0.04601  0.001719   0.08419        44       640    0.8995    0.9181    0.9292    0.6129   0.02652    0.0298  0.006771
   103/299     5.34G   0.03618   0.04559  0.001894   0.08366        47       640    0.9026    0.9137    0.9284    0.6128   0.02651   0.02996  0.006736
   104/299     5.34G   0.03653   0.04513   0.00185   0.08351        29       640    0.9007    0.9189    0.9276    0.6119   0.02656   0.03006  0.006754
   105/299     5.34G   0.03637   0.04517   0.00176    0.0833        49       640    0.8985    0.9176    0.9271    0.6117   0.02657   0.03002  0.006808
   106/299     5.34G   0.03593   0.04528  0.001769   0.08297        42       640    0.9011     0.914    0.9259    0.6118   0.02653      0.03  0.006864
   107/299     5.34G   0.03624   0.04481  0.001791   0.08284        50       640     0.903    0.9123     0.927    0.6123   0.02651   0.02993  0.006793
   108/299     5.34G   0.03605   0.04542  0.001762   0.08323        34       640    0.8928    0.9226    0.9278    0.6145   0.02648    0.0299   0.00687
   109/299     5.34G   0.03682   0.04562  0.001785   0.08423        35       640     0.894    0.9223    0.9284    0.6143   0.02645   0.02996  0.006936
   110/299     5.34G   0.03644   0.04578  0.001874   0.08409        52       640    0.8894    0.9266    0.9279    0.6138   0.02644   0.02997  0.006952
   111/299     5.34G   0.03559   0.04466  0.001795   0.08204        50       640    0.9008    0.9151    0.9274     0.613   0.02646   0.02995  0.007009
   112/299     5.34G   0.03635   0.04447  0.001761   0.08258        47       640    0.9012    0.9183    0.9282    0.6129   0.02649      0.03  0.006985
   113/299     5.34G   0.03611    0.0449  0.001738   0.08275        43       640    0.9046     0.916    0.9288    0.6127   0.02646   0.02998  0.006959
   114/299     5.34G   0.03587     0.045   0.00168   0.08255        26       640    0.9044    0.9138    0.9294    0.6118   0.02646    0.0299  0.006887
   115/299     5.34G   0.03546   0.04461   0.00179   0.08186        37       640    0.8933    0.9229    0.9291    0.6124   0.02645   0.02989  0.006874
   116/299     5.34G   0.03629   0.04476  0.001679   0.08273        20       640    0.8942    0.9224    0.9286    0.6122   0.02642   0.02991  0.006856
   117/299     5.34G   0.03591   0.04518  0.001785   0.08287        36       640    0.8973    0.9209    0.9281    0.6114   0.02642   0.02994  0.006854
   118/299     5.34G   0.03562   0.04432  0.001672   0.08161        60       640    0.9019    0.9145    0.9273    0.6112    0.0264   0.02999  0.006872
   119/299     5.34G    0.0354   0.04531  0.001599   0.08231        58       640    0.9056    0.9105    0.9263    0.6111   0.02637   0.02997  0.006903
   120/299     5.34G   0.03611   0.04455  0.001588   0.08224        57       640    0.9058    0.9096    0.9255    0.6109   0.02637      0.03  0.006914
   121/299     5.34G   0.03489   0.04444  0.001753   0.08108        28       640    0.9036    0.9126    0.9265    0.6111   0.02636      0.03  0.006914
   122/299     5.34G   0.03603   0.04496  0.001732   0.08272        31       640    0.9075      0.91    0.9266    0.6111   0.02636   0.03002  0.006901
   123/299     5.34G   0.03573   0.04395  0.001713   0.08139        57       640    0.9037    0.9115    0.9264    0.6121   0.02636   0.03004  0.006909
   124/299     5.34G   0.03571   0.04439  0.001555   0.08166        39       640    0.8995    0.9151     0.927    0.6122   0.02632   0.03004  0.006912
   125/299     5.34G   0.03597   0.04468  0.001604   0.08226        68       640    0.8969    0.9199    0.9266     0.611   0.02635   0.03003  0.006939
   126/299     5.34G   0.03561     0.045  0.001563   0.08217        32       640    0.8973    0.9212    0.9265    0.6122   0.02635   0.03001  0.006903
   127/299     5.34G   0.03556   0.04463  0.001541   0.08173        23       640    0.8948    0.9223    0.9275    0.6117   0.02636   0.03001  0.006923
   128/299     5.34G   0.03572   0.04449  0.001611   0.08182        31       640    0.8983    0.9186    0.9274    0.6113   0.02636      0.03  0.006957
   129/299     5.34G   0.03539   0.04474  0.001664    0.0818        35       640    0.8941    0.9234    0.9275    0.6127   0.02638   0.03002  0.006998
   130/299     5.34G   0.03529    0.0434  0.001616   0.08031        61       640    0.8988    0.9197    0.9277     0.614   0.02637   0.03003  0.007005
   131/299     5.34G   0.03476    0.0444  0.001589   0.08074        55       640    0.9066    0.9125    0.9282    0.6129   0.02637   0.03008  0.007035
   132/299     5.34G   0.03475   0.04326  0.001697    0.0797        32       640    0.9047    0.9159    0.9283    0.6135   0.02636   0.03016  0.007031
   133/299     5.34G   0.03478    0.0441  0.001585   0.08047        37       640     0.903    0.9182    0.9287    0.6137   0.02636    0.0302  0.007007
   134/299     5.34G   0.03465    0.0435  0.001564   0.07971        50       640    0.9044    0.9171    0.9284    0.6133   0.02637   0.03024  0.006984
   135/299     5.34G   0.03458    0.0439  0.001496   0.07997        95       640    0.9032    0.9192    0.9288    0.6131   0.02638   0.03025  0.006992
   136/299     5.34G   0.03453   0.04353  0.001539    0.0796        35       640    0.9003     0.922    0.9288    0.6137   0.02638    0.0303  0.006984
   137/299     5.34G   0.03526   0.04304  0.001604   0.07991        96       640    0.8996    0.9224    0.9293    0.6133   0.02641   0.03032  0.006959
   138/299     5.34G   0.03483   0.04425  0.001544   0.08063        44       640     0.899    0.9223    0.9297     0.613   0.02642   0.03035  0.006937
   139/299     5.34G    0.0351   0.04294  0.001529   0.07957        26       640    0.9003    0.9228    0.9298    0.6141   0.02641   0.03034  0.006951
   140/299     5.34G   0.03511   0.04365  0.001612   0.08037        77       640    0.8999     0.922    0.9298    0.6146    0.0264   0.03032  0.006975
   141/299     5.34G   0.03466   0.04302  0.001541   0.07922        76       640    0.8968    0.9244    0.9302    0.6143   0.02639   0.03029  0.006977
   142/299     5.34G   0.03503   0.04415  0.001519    0.0807        46       640    0.9004    0.9216    0.9304    0.6143   0.02639    0.0303   0.00697
   143/299     5.34G   0.03452    0.0438  0.001617   0.07994        33       640    0.9008     0.922    0.9305    0.6142   0.02638   0.03032  0.006974
   144/299     5.34G   0.03481   0.04324  0.001466   0.07952        26       640    0.9011    0.9211    0.9302    0.6133   0.02638   0.03034  0.006989
   145/299     5.34G   0.03452   0.04343  0.001371   0.07932        38       640    0.9025    0.9186    0.9302    0.6139   0.02638   0.03037  0.006994
   146/299     5.34G   0.03444   0.04385  0.001514    0.0798        50       640     0.899    0.9227    0.9301    0.6136   0.02637   0.03039  0.007018
   147/299     5.34G   0.03453   0.04234  0.001642   0.07851        44       640    0.8979    0.9239    0.9301    0.6139   0.02637   0.03038  0.007021
   148/299     5.34G   0.03486   0.04371  0.001506   0.08007        94       640    0.8983    0.9239      0.93    0.6143   0.02637   0.03039  0.007033
   149/299     5.34G   0.03389   0.04242  0.001523   0.07783        31       640    0.8965    0.9258    0.9302    0.6139   0.02636   0.03038  0.007065
   150/299     5.34G   0.03512   0.04329  0.001446   0.07985        46       640    0.9025    0.9209    0.9305    0.6136   0.02637    0.0304  0.007063
   151/299     5.34G    0.0346   0.04273  0.001562   0.07889        33       640    0.9018     0.921    0.9302    0.6135   0.02637   0.03041  0.007065
   152/299     5.34G    0.0346    0.0431  0.001353   0.07906        46       640       0.9    0.9229    0.9301    0.6138   0.02637    0.0304  0.007085
   153/299     5.34G   0.03362   0.04249  0.001388    0.0775        53       640    0.9017    0.9211    0.9301    0.6134   0.02636   0.03041    0.0071
   154/299     5.34G   0.03354   0.04302  0.001378   0.07794        45       640    0.9013    0.9212      0.93    0.6131   0.02634   0.03042  0.007096
   155/299     5.34G   0.03308   0.04205  0.001423   0.07655        25       640    0.8954    0.9262    0.9298    0.6128   0.02635   0.03043  0.007108
   156/299     5.34G   0.03454   0.04235  0.001355   0.07825        69       640    0.8957    0.9257      0.93    0.6138   0.02635   0.03044  0.007114
   157/299     5.34G   0.03392   0.04324  0.001609   0.07877        61       640    0.8954    0.9268    0.9297    0.6139   0.02636   0.03046  0.007102
   158/299     5.34G   0.03379   0.04181  0.001444   0.07704        43       640    0.8957     0.926    0.9298    0.6138   0.02636   0.03048  0.007105
   159/299     5.34G   0.03367   0.04251  0.001455   0.07763        58       640    0.8962    0.9255    0.9298    0.6135   0.02636   0.03049  0.007103
   160/299     5.34G   0.03354   0.04271  0.001503   0.07775        44       640    0.8976    0.9231    0.9296    0.6131   0.02636   0.03049  0.007099
   161/299     5.34G   0.03386   0.04303  0.001404    0.0783        61       640    0.9076    0.9129    0.9291    0.6133   0.02636   0.03049    0.0071
   162/299     5.34G   0.03403    0.0424   0.00138   0.07782        29       640    0.8998    0.9205    0.9292    0.6137   0.02636   0.03049  0.007106
   163/299     5.34G   0.03416   0.04303  0.001536   0.07873        48       640    0.9002    0.9209    0.9286    0.6135   0.02636   0.03047  0.007107
   164/299     5.34G   0.03386   0.04233  0.001511    0.0777        42       640    0.9001    0.9217    0.9288     0.613   0.02636   0.03046  0.007103
   165/299     5.34G   0.03326   0.04203  0.001425   0.07672        30       640    0.8995    0.9222    0.9289    0.6131   0.02636   0.03046  0.007111
   166/299     5.34G   0.03443   0.04192  0.001467   0.07782        43       640    0.8977     0.924    0.9288     0.613   0.02636   0.03045  0.007124
   167/299     5.34G   0.03398   0.04223  0.001347   0.07755        33       640    0.9037    0.9185    0.9287    0.6126   0.02636   0.03043  0.007131
   168/299     5.34G   0.03372   0.04225  0.001421   0.07739        50       640    0.9038    0.9188    0.9287    0.6122   0.02635   0.03042  0.007141
   169/299     5.34G   0.03298   0.04219  0.001358   0.07652        71       640    0.8979    0.9255    0.9287    0.6129   0.02635   0.03042  0.007145
   170/299     5.34G   0.03348   0.04268  0.001454   0.07761        50       640    0.8998    0.9245     0.929     0.613   0.02635   0.03043  0.007146
   171/299     5.34G   0.03367   0.04125  0.001537   0.07645        43       640    0.9015    0.9225     0.929    0.6129   0.02635   0.03043  0.007143
   172/299     5.34G    0.0332   0.04209  0.001324   0.07662        67       640    0.8984    0.9253    0.9289    0.6127   0.02635   0.03044   0.00715
   173/299     5.34G   0.03379   0.04224  0.001373    0.0774        52       640    0.9013     0.923    0.9291    0.6127   0.02635   0.03045  0.007155
   174/299     5.34G    0.0335   0.04257  0.001297   0.07737        43       640    0.9013    0.9228     0.929    0.6125   0.02635   0.03045  0.007159
   175/299     5.34G   0.03375   0.04216  0.001411   0.07732        46       640    0.9018    0.9222     0.929    0.6124   0.02635   0.03046  0.007156
   176/299     5.34G   0.03325   0.04189  0.001332   0.07648        55       640    0.9017    0.9227    0.9289     0.613   0.02634   0.03047  0.007158
   177/299     5.34G   0.03304   0.04207  0.001354   0.07646        43       640    0.9022    0.9215    0.9288    0.6128   0.02635   0.03048  0.007162
   178/299     5.34G   0.03246   0.04173  0.001345   0.07553        38       640    0.9016    0.9224    0.9288    0.6128   0.02635   0.03048  0.007161
   179/299     5.34G   0.03305   0.04232  0.001378   0.07675        58       640    0.8997     0.924    0.9287    0.6129   0.02634   0.03048  0.007173
   180/299     5.34G    0.0334   0.04227  0.001381   0.07705        95       640    0.8977     0.926    0.9284    0.6123   0.02634   0.03048   0.00718
   181/299     5.34G   0.03243   0.04143  0.001543    0.0754        68       640    0.8977     0.926    0.9283    0.6123   0.02634   0.03049   0.00719
   182/299     5.34G   0.03322   0.04105  0.001404   0.07567        29       640    0.8977     0.926    0.9283    0.6125   0.02634   0.03048  0.007193
   183/299     5.34G   0.03275   0.04165  0.001345   0.07574        60       640    0.9042    0.9189    0.9284    0.6124   0.02634   0.03048  0.007199
   184/299     5.34G   0.03272   0.04103  0.001233   0.07498        44       640    0.8973     0.926    0.9281    0.6121   0.02634   0.03049  0.007202
   185/299     5.34G   0.03268   0.04187  0.001322   0.07587        43       640    0.9039    0.9195    0.9284    0.6121   0.02634   0.03049  0.007205
   186/299     5.34G   0.03284    0.0417  0.001243   0.07579        63       640    0.9035      0.92    0.9282    0.6119   0.02634    0.0305  0.007208
   187/299     5.34G   0.03341     0.042  0.001366   0.07678        41       640    0.9035      0.92    0.9283     0.612   0.02634   0.03051  0.007213
   188/299     5.34G   0.03228   0.04122  0.001214   0.07471        48       640    0.9028    0.9213    0.9281     0.612   0.02634    0.0305  0.007214
   189/299     5.34G    0.0328   0.04128  0.001366   0.07544        52       640    0.9026    0.9212    0.9279    0.6117   0.02634   0.03051  0.007219
   190/299     5.34G     0.033   0.04221  0.001217   0.07644        33       640    0.9029    0.9212     0.928    0.6119   0.02634   0.03052  0.007222
   191/299     5.34G   0.03326    0.0411  0.001211   0.07557        50       640    0.9026    0.9212    0.9282    0.6118   0.02633   0.03052  0.007223
   192/299     5.34G   0.03242   0.04141  0.001397   0.07523        46       640    0.9029     0.921    0.9281    0.6118   0.02633   0.03052  0.007229
   193/299     5.34G   0.03284   0.04169  0.001238   0.07577       110       640    0.9033    0.9203    0.9279    0.6116   0.02634   0.03052  0.007236
   194/299     5.34G   0.03285   0.04156  0.001177   0.07559        51       640    0.9033    0.9209    0.9277    0.6117   0.02633   0.03052  0.007242
   195/299     5.34G   0.03291   0.04193  0.001201   0.07604        34       640    0.9027     0.921    0.9278    0.6121   0.02633   0.03053  0.007249
   196/299     5.34G   0.03245   0.04111  0.001188   0.07474        42       640    0.9026     0.921    0.9277    0.6119   0.02633   0.03053  0.007257
   197/299     5.34G   0.03254   0.04105  0.001333   0.07492        75       640    0.9023     0.921    0.9282     0.612   0.02634   0.03054  0.007258
   198/299     5.34G   0.03186   0.04002  0.001257   0.07314        32       640    0.9028     0.921    0.9281    0.6117   0.02634   0.03056  0.007256
   199/299     5.34G   0.03297    0.0408  0.001319   0.07509        35       640    0.9027     0.921    0.9282    0.6116   0.02634   0.03057  0.007257
   200/299     5.34G   0.03273   0.04149  0.001256   0.07547        37       640    0.9023     0.921    0.9283    0.6116   0.02634   0.03057  0.007261
   201/299     5.34G    0.0319   0.04061  0.001165   0.07368        46       640    0.9016    0.9215    0.9283    0.6117   0.02634   0.03057  0.007265
   202/299     5.34G   0.03276   0.04106  0.001239   0.07506        92       640    0.9019    0.9219    0.9283    0.6116   0.02634   0.03058  0.007269
   203/299     5.34G   0.03245   0.04083  0.001287   0.07457        39       640    0.9023    0.9219    0.9283    0.6121   0.02634   0.03058  0.007274
   204/299     5.34G   0.03195   0.04112  0.001358   0.07442        36       640    0.9025    0.9219    0.9281    0.6115   0.02634   0.03058  0.007275
   205/299     5.34G   0.03229   0.04047  0.001109   0.07386        43       640    0.8993    0.9255    0.9282    0.6119   0.02634   0.03058   0.00728
   206/299     5.34G   0.03189   0.03982  0.001202   0.07291        37       640    0.8992    0.9255    0.9281    0.6118   0.02634   0.03058  0.007283
   207/299     5.34G   0.03282   0.04043  0.001206   0.07446        42       640    0.8967    0.9283    0.9281    0.6117   0.02634   0.03059  0.007286
   208/299     5.34G    0.0329    0.0406  0.001146   0.07465        45       640     0.897    0.9282    0.9281    0.6117   0.02634   0.03059  0.007291
   209/299     5.34G   0.03262   0.04101  0.001229   0.07486        36       640    0.9027    0.9227     0.928    0.6114   0.02634    0.0306  0.007297
   210/299     5.34G   0.03276   0.04033  0.001352   0.07444        57       640     0.902    0.9227    0.9279    0.6117   0.02634    0.0306  0.007298
   211/299     5.34G   0.03162   0.03931  0.001326   0.07226        41       640    0.9016    0.9232    0.9279    0.6115   0.02634   0.03061  0.007304
   212/299     5.34G   0.03203   0.04016  0.001313   0.07351        24       640    0.9018    0.9235     0.928    0.6108   0.02634   0.03062  0.007304
   213/299     5.34G   0.03169   0.04002  0.001192   0.07291        45       640    0.9022    0.9227     0.928    0.6107   0.02634   0.03063  0.007306
   214/299     5.34G   0.03246   0.04012  0.001262   0.07384        83       640    0.9026    0.9227    0.9279    0.6109   0.02634   0.03063  0.007306
   215/299     5.34G   0.03151   0.04027  0.001261   0.07304        41       640     0.903     0.923     0.928    0.6109   0.02634   0.03063  0.007309
   216/299     5.34G   0.03145   0.04012  0.001124   0.07269        27       640    0.9018    0.9237    0.9279    0.6107   0.02634   0.03064  0.007312
   217/299     5.34G   0.03165   0.03964  0.001304   0.07259        44       640    0.9028    0.9226    0.9279    0.6105   0.02634   0.03065  0.007312
   218/299     5.34G   0.03212   0.04003  0.001138   0.07329        37       640    0.9035     0.923    0.9275    0.6102   0.02635   0.03065  0.007314
   219/299     5.34G    0.0312   0.03985  0.001194   0.07224       120       640    0.9029     0.923    0.9276    0.6103   0.02635   0.03066  0.007316
   220/299     5.34G   0.03187   0.03935  0.001184   0.07241        45       640    0.9023     0.924    0.9275    0.6098   0.02635   0.03067  0.007316
   221/299     5.34G   0.03175    0.0393  0.001195   0.07224        54       640    0.9021     0.924    0.9275    0.6102   0.02635   0.03067  0.007318
   222/299     5.34G   0.03166   0.03937  0.001144   0.07218        39       640    0.9023    0.9243     0.928    0.6104   0.02635   0.03068  0.007318
   223/299     5.34G   0.03263   0.04097  0.001227   0.07482        79       640     0.902     0.924    0.9275    0.6104   0.02635   0.03069   0.00732
   224/299     5.34G   0.03198   0.03968  0.001104   0.07276        39       640    0.9018    0.9243    0.9279    0.6102   0.02636    0.0307  0.007321
   225/299     5.34G   0.03128   0.03933  0.001169   0.07178        52       640    0.9021     0.924    0.9279    0.6104   0.02636    0.0307   0.00732
   226/299     5.34G   0.03155   0.04059  0.001068    0.0732       219       640    0.9025    0.9232    0.9279    0.6101   0.02636   0.03071  0.007323
   227/299     5.34G     0.032   0.03941  0.001218   0.07263        68       640    0.9025     0.923     0.928    0.6103   0.02636   0.03072  0.007323
   228/299     5.34G   0.03116    0.0396  0.001165   0.07192        28       640    0.9025    0.9231     0.928    0.6099   0.02636   0.03072  0.007323
   229/299     5.34G   0.03144   0.04006  0.001241   0.07273        28       640    0.9031    0.9226    0.9279    0.6098   0.02636   0.03072  0.007323
   230/299     5.34G   0.03085   0.03958  0.001077   0.07151        29       640    0.9028    0.9226    0.9279    0.6101   0.02636   0.03073  0.007318
   231/299     5.34G   0.03017   0.03858  0.001183   0.06993        40       640    0.9027    0.9226    0.9279    0.6097   0.02636   0.03074   0.00732
   232/299     5.34G   0.03131   0.03907   0.00107   0.07145        53       640    0.9027    0.9226    0.9279    0.6101   0.02637   0.03075  0.007321
   233/299     5.34G   0.03116   0.03932  0.001132   0.07161        25       640    0.9029    0.9224    0.9279    0.6097   0.02637   0.03075  0.007317
   234/299     5.34G   0.03111   0.03991  0.001153   0.07217        58       640    0.9039    0.9209    0.9278    0.6091   0.02637   0.03076  0.007321
   235/299     5.34G   0.03159   0.03891  0.001063   0.07156        40       640    0.9047    0.9204    0.9279    0.6095   0.02637   0.03077  0.007323
   236/299     5.34G   0.03128   0.03909  0.001046   0.07142        66       640    0.8997    0.9253    0.9279    0.6092   0.02637   0.03077  0.007323
   237/299     5.34G   0.03074   0.03897  0.001184    0.0709        47       640    0.8996     0.925    0.9279    0.6093   0.02638   0.03078  0.007326
   238/299     5.34G   0.03161   0.03967  0.001062   0.07235        53       640    0.9041    0.9208    0.9279    0.6094   0.02638   0.03079  0.007328
   239/299     5.34G   0.03108   0.03908  0.001109   0.07127        91       640    0.9034    0.9213    0.9279    0.6094   0.02638    0.0308   0.00733
   240/299     5.34G   0.03083    0.0386  0.001077   0.07051        50       640    0.9038    0.9207    0.9277    0.6096   0.02638    0.0308  0.007332
   241/299     5.34G   0.03028   0.03918   0.00115   0.07061        41       640    0.9038    0.9208    0.9279    0.6094   0.02638   0.03081  0.007333
   242/299     5.34G   0.03048   0.03924  0.001069   0.07079        41       640     0.902    0.9223    0.9277    0.6093   0.02638   0.03082  0.007335
   243/299     5.34G   0.03115   0.03932  0.001025   0.07149        51       640    0.8995     0.925    0.9277    0.6091   0.02639   0.03083  0.007338
   244/299     5.34G   0.03078   0.03879  0.001179   0.07075        33       640     0.905    0.9191    0.9276    0.6095   0.02639   0.03084   0.00734
   245/299     5.34G   0.03036   0.03872 0.0009995   0.07008        35       640    0.8996    0.9244    0.9275    0.6096   0.02639   0.03085  0.007341
   246/299     5.34G   0.03066   0.03904  0.001152   0.07085        30       640    0.8998    0.9247    0.9282    0.6096   0.02639   0.03086   0.00734
   247/299     5.34G   0.03063   0.03832  0.001162   0.07011        42       640    0.8998    0.9243    0.9282    0.6098    0.0264   0.03087  0.007338
   248/299     5.34G   0.03167   0.03941  0.001214   0.07229        53       640    0.9044    0.9195    0.9282    0.6096    0.0264   0.03088  0.007338
   249/299     5.34G   0.03032   0.03878  0.001178   0.07028        49       640    0.8993    0.9245    0.9281    0.6095    0.0264   0.03089  0.007335
   250/299     5.34G   0.03104   0.03922   0.00106   0.07131        94       640    0.8996     0.924    0.9281    0.6097    0.0264    0.0309  0.007337
   251/299     5.34G   0.03063    0.0387  0.001135   0.07047        73       640    0.8997    0.9242    0.9282    0.6097    0.0264   0.03091  0.007337
   252/299     5.34G   0.03075   0.03833  0.001151   0.07022        51       640    0.8997    0.9242    0.9283    0.6098   0.02641   0.03092  0.007335
   253/299     5.34G    0.0304    0.0378  0.001057   0.06925        42       640    0.8994    0.9242    0.9284    0.6099   0.02641   0.03094  0.007334
   254/299     5.34G   0.03025   0.03796  0.001129   0.06934        44       640    0.8994    0.9245    0.9284    0.6096   0.02641   0.03094  0.007336
   255/299     5.34G   0.03088    0.0384  0.001017   0.07029        38       640    0.8991     0.925    0.9285    0.6102   0.02641   0.03095  0.007334
   256/299     5.34G   0.02977   0.03847 0.0009925   0.06923        68       640    0.8987    0.9248    0.9283    0.6098   0.02642   0.03095  0.007337
   257/299     5.34G   0.02983   0.03804  0.001052   0.06892        38       640    0.8987    0.9247    0.9283    0.6099   0.02642   0.03096  0.007338
   258/299     5.34G   0.03076   0.03854  0.001007   0.07031        48       640    0.8989     0.925    0.9285    0.6095   0.02642   0.03097  0.007342
   259/299     5.34G   0.03086   0.03881   0.00104   0.07071       154       640    0.9047    0.9185    0.9286    0.6098   0.02642   0.03097   0.00734
   260/299     5.34G   0.03006   0.03823  0.001073   0.06937        33       640    0.9047    0.9186    0.9285    0.6095   0.02642   0.03098  0.007341
   261/299     5.34G   0.03037   0.03824  0.001033   0.06964        60       640    0.9047    0.9187    0.9284    0.6093   0.02641   0.03099  0.007342
   262/299     5.34G   0.03067   0.03844   0.00102   0.07013        55       640     0.899    0.9245    0.9286    0.6094   0.02642   0.03099  0.007345
   263/299     5.34G   0.03005   0.03755  0.001125   0.06873        44       640    0.8991    0.9245    0.9286    0.6093   0.02642     0.031  0.007346
   264/299     5.34G   0.03041   0.03824  0.001099   0.06975        61       640    0.8992    0.9245    0.9285    0.6093   0.02642     0.031  0.007348
   265/299     5.34G   0.02926   0.03776  0.001037   0.06806        59       640    0.8992    0.9245    0.9286    0.6098   0.02642   0.03101  0.007349
   266/299     5.34G   0.03035   0.03801   0.00107   0.06943        35       640    0.8994    0.9244    0.9286    0.6099   0.02642   0.03101  0.007349
   267/299     5.34G   0.03027    0.0382  0.001042   0.06951        61       640    0.8991    0.9243    0.9287    0.6098   0.02642   0.03102  0.007352
   268/299     5.34G   0.03168   0.03826  0.001046   0.07098        47       640    0.9001    0.9243    0.9285    0.6099   0.02642   0.03102  0.007351
   269/299     5.34G   0.03095    0.0388  0.001104   0.07086        53       640       0.9     0.924    0.9285    0.6099   0.02642   0.03103  0.007349
   270/299     5.34G   0.03003   0.03828  0.001009   0.06932        38       640    0.9001    0.9238    0.9284      0.61   0.02642   0.03103  0.007349
   271/299     5.34G   0.02915   0.03789  0.001085   0.06813        24       640    0.8998    0.9243    0.9288    0.6103   0.02642   0.03103  0.007351
   272/299     5.34G   0.03043   0.03812   0.00109   0.06964        30       640    0.9003    0.9236    0.9286    0.6103   0.02642   0.03104  0.007352
   273/299     5.34G   0.03064   0.03864  0.001107   0.07039        66       640       0.9    0.9238    0.9286    0.6097   0.02642   0.03105  0.007351
   274/299     5.34G   0.03105   0.03842  0.001086   0.07056        44       640    0.9054    0.9185    0.9286    0.6097   0.02643   0.03106   0.00735
   275/299     5.34G   0.02995   0.03816 0.0009942   0.06911        58       640    0.9056    0.9186    0.9286    0.6097   0.02643   0.03106  0.007347
   276/299     5.34G   0.03125    0.0383  0.001099   0.07064        38       640    0.9057    0.9187    0.9285    0.6097   0.02643   0.03107  0.007346
   277/299     5.34G   0.03037    0.0376 0.0009616   0.06893        86       640    0.9057    0.9186    0.9283      0.61   0.02643   0.03108  0.007347
   278/299     5.34G   0.03024     0.038 0.0009672    0.0692        41       640    0.9016    0.9228    0.9282    0.6101   0.02643   0.03108  0.007347
   279/299     5.34G   0.02938   0.03834  0.001101   0.06882        25       640    0.9055    0.9188    0.9284    0.6103   0.02643   0.03109  0.007348
   280/299     5.34G   0.03068   0.03783  0.001025   0.06954        39       640    0.9058    0.9186    0.9283    0.6101   0.02643   0.03109  0.007351
   281/299     5.34G   0.02926   0.03741 0.0009812   0.06766        49       640    0.9051    0.9186    0.9283    0.6099   0.02643    0.0311  0.007352
   282/299     5.34G    0.0301   0.03796  0.001054   0.06912        48       640    0.9054    0.9186    0.9283    0.6098   0.02643    0.0311  0.007353
   283/299     5.34G   0.02989   0.03812 0.0009589   0.06897        29       640    0.9041    0.9198    0.9283    0.6098   0.02643   0.03111  0.007353
   284/299     5.34G   0.02966   0.03754  0.001042   0.06824        51       640    0.9041    0.9197    0.9283    0.6099   0.02643   0.03112  0.007355
   285/299     5.34G    0.0297    0.0381   0.00103   0.06884        38       640    0.9052    0.9187    0.9286      0.61   0.02643   0.03112  0.007357
   286/299     5.34G   0.03027   0.03812 0.0009525   0.06934        62       640    0.9054    0.9186    0.9285    0.6102   0.02643   0.03113   0.00736
   287/299     5.34G   0.02965   0.03744   0.00102   0.06811        39       640    0.9054    0.9188    0.9285    0.6102   0.02643   0.03113   0.00736
   288/299     5.34G   0.02967   0.03813   0.00106   0.06886        72       640    0.9057     0.919    0.9285    0.6097   0.02642   0.03114  0.007359
   289/299     5.34G   0.03033   0.03822 0.0009817   0.06953        44       640    0.9056    0.9192    0.9284    0.6098   0.02642   0.03114  0.007363
   290/299     5.34G    0.0301   0.03797  0.001043   0.06911        72       640    0.9056    0.9193    0.9284    0.6098   0.02642   0.03115  0.007363
   291/299     5.34G   0.03026   0.03776  0.001097   0.06912        44       640    0.9067    0.9177    0.9283    0.6099   0.02642   0.03116  0.007366
   292/299     5.34G   0.02944   0.03796  0.001042   0.06844        55       640    0.9057    0.9193    0.9283    0.6103   0.02642   0.03116   0.00737
   293/299     5.34G   0.02936   0.03722  0.001071   0.06766        34       640    0.9056    0.9192    0.9283    0.6104   0.02642   0.03117  0.007372
   294/299     5.34G   0.03017   0.03838  0.000953    0.0695        86       640    0.9054     0.919    0.9282    0.6104   0.02642   0.03118  0.007375
   295/299     5.34G    0.0304   0.03765  0.001011   0.06906        54       640    0.9048    0.9188     0.928    0.6103   0.02642   0.03119  0.007377
   296/299     5.34G    0.0288   0.03733  0.001002   0.06713        38       640    0.9084    0.9152    0.9282      0.61   0.02642    0.0312   0.00738
   297/299     5.34G   0.02987   0.03809  0.001038     0.069        46       640     0.908     0.915    0.9281    0.6099   0.02642   0.03121  0.007383
   298/299     5.34G   0.02904   0.03727  0.001135   0.06744        39       640    0.9081    0.9149     0.928    0.6099   0.02643   0.03122  0.007384
   299/299     5.34G   0.02946   0.03748  0.001025   0.06796        36       640    0.9048     0.919    0.9282    0.6101   0.02643   0.03122  0.007382
