1 0.34976 0.281928 0.0600962 0.0819277 
0 0.947115 0.224096 0.0817308 0.0915663 
0 0.252404 0.313253 0.0865385 0.125301 
0 0.157452 0.473494 0.146635 0.171084 
0 0.810096 0.431325 0.201923 0.284337 
0 0.417067 0.389157 0.127404 0.175904 
0 0.525301 0.225962 0.13012 0.197115 
0 0.490385 0.560096 0.307692 0.370192 
0 0.240385 0.40625 0.115385 0.153846 
0 0.692308 0.370192 0.129808 0.158654 
0 0.240385 0.40625 0.115385 0.153846 
0 0.692308 0.370192 0.129808 0.158654 
1 0.34976 0.281928 0.0600962 0.0819277 
0 0.947115 0.224096 0.0817308 0.0915663 
0 0.252404 0.313253 0.0865385 0.125301 
0 0.157452 0.473494 0.146635 0.171084 
0 0.810096 0.431325 0.201923 0.284337 
0 0.417067 0.389157 0.127404 0.175904 
0 0.479518 0.265625 0.173494 0.233173 
0 0.240385 0.40625 0.115385 0.153846 
0 0.692308 0.370192 0.129808 0.158654 
1 0.250806 0.384393 0.137097 0.323699 
1 0.728226 0.306358 0.133871 0.306358 
1 0.48871 0.287572 0.129032 0.291908 
0 0.525301 0.225962 0.13012 0.197115 
0 0.479518 0.265625 0.173494 0.233173 
0 0.74399 0.75601 0.237981 0.290865 
0 0.295673 0.725962 0.125 0.201923 
0 0.24399 0.164663 0.204327 0.257212 
0 0.822115 0.234375 0.298077 0.387019 
0 0.74399 0.75601 0.237981 0.290865 
0 0.295673 0.725962 0.125 0.201923 
0 0.24399 0.164663 0.204327 0.257212 
0 0.822115 0.234375 0.298077 0.387019 
1 0.250806 0.384393 0.137097 0.323699 
1 0.728226 0.306358 0.133871 0.306358 
1 0.48871 0.287572 0.129032 0.291908 
0 0.74399 0.75601 0.237981 0.290865 
0 0.295673 0.725962 0.125 0.201923 
0 0.24399 0.164663 0.204327 0.257212 
0 0.822115 0.234375 0.298077 0.387019 
0 0.74399 0.75601 0.237981 0.290865 
0 0.295673 0.725962 0.125 0.201923 
0 0.24399 0.164663 0.204327 0.257212 
0 0.822115 0.234375 0.298077 0.387019 
0 0.134615 0.478313 0.0913462 0.166265 
0 0.277644 0.548193 0.112981 0.171084 
0 0.669471 0.53012 0.137019 0.163855 
0 0.503606 0.448193 0.137019 0.159036 
0 0.871394 0.345783 0.103365 0.137349 
0 0.134615 0.478313 0.0913462 0.166265 
0 0.277644 0.548193 0.112981 0.171084 
0 0.669471 0.53012 0.137019 0.163855 
0 0.503606 0.448193 0.137019 0.159036 
0 0.871394 0.345783 0.103365 0.137349 
1 0.250806 0.384393 0.137097 0.323699 
1 0.728226 0.306358 0.133871 0.306358 
1 0.48871 0.287572 0.129032 0.291908 
0 0.134615 0.478313 0.0913462 0.166265 
0 0.277644 0.548193 0.112981 0.171084 
0 0.669471 0.53012 0.137019 0.163855 
0 0.503606 0.448193 0.137019 0.159036 
0 0.871394 0.345783 0.103365 0.137349 
1 0.250806 0.384393 0.137097 0.323699 
1 0.728226 0.306358 0.133871 0.306358 
1 0.48871 0.287572 0.129032 0.291908 
1 0.250806 0.384393 0.137097 0.323699 
1 0.728226 0.306358 0.133871 0.306358 
1 0.48871 0.287572 0.129032 0.291908 
1 0.250806 0.384393 0.137097 0.323699 
1 0.728226 0.306358 0.133871 0.306358 
1 0.48871 0.287572 0.129032 0.291908 
1 0.250806 0.384393 0.137097 0.323699 
1 0.728226 0.306358 0.133871 0.306358 
1 0.48871 0.287572 0.129032 0.291908 
1 0.250806 0.384393 0.137097 0.323699 
1 0.728226 0.306358 0.133871 0.306358 
1 0.48871 0.287572 0.129032 0.291908 
1 0.250806 0.384393 0.137097 0.323699 
1 0.728226 0.306358 0.133871 0.306358 
1 0.48871 0.287572 0.129032 0.291908 
1 0.250806 0.384393 0.137097 0.323699 
1 0.728226 0.306358 0.133871 0.306358 
1 0.48871 0.287572 0.129032 0.291908 
1 0.250806 0.384393 0.137097 0.323699 
1 0.728226 0.306358 0.133871 0.306358 
1 0.48871 0.287572 0.129032 0.291908 
1 0.250806 0.384393 0.137097 0.323699 
1 0.728226 0.306358 0.133871 0.306358 
1 0.48871 0.287572 0.129032 0.291908 
0 0.134615 0.478313 0.0913462 0.166265 
0 0.277644 0.548193 0.112981 0.171084 
0 0.669471 0.53012 0.137019 0.163855 
0 0.503606 0.448193 0.137019 0.159036 
0 0.871394 0.345783 0.103365 0.137349 
0 0.134615 0.478313 0.0913462 0.166265 
0 0.277644 0.548193 0.112981 0.171084 
0 0.669471 0.53012 0.137019 0.163855 
0 0.503606 0.448193 0.137019 0.159036 
0 0.871394 0.345783 0.103365 0.137349 
1 0.250806 0.384393 0.137097 0.323699 
1 0.250806 0.384393 0.137097 0.323699 
1 0.728226 0.306358 0.133871 0.306358 
1 0.728226 0.306358 0.133871 0.306358 
1 0.48871 0.287572 0.129032 0.291908 
1 0.48871 0.287572 0.129032 0.291908 
1 0.250806 0.384393 0.137097 0.323699 
1 0.728226 0.306358 0.133871 0.306358 
1 0.48871 0.287572 0.129032 0.291908 
1 0.250806 0.384393 0.137097 0.323699 
1 0.728226 0.306358 0.133871 0.306358 
1 0.48871 0.287572 0.129032 0.291908 
1 0.250806 0.384393 0.137097 0.323699 
1 0.728226 0.306358 0.133871 0.306358 
1 0.48871 0.287572 0.129032 0.291908 
1 0.250806 0.384393 0.137097 0.323699 
1 0.728226 0.306358 0.133871 0.306358 
1 0.48871 0.287572 0.129032 0.291908 
0 0.134615 0.478313 0.0913462 0.166265 
0 0.277644 0.548193 0.112981 0.171084 
0 0.669471 0.53012 0.137019 0.163855 
0 0.503606 0.448193 0.137019 0.159036 
0 0.871394 0.345783 0.103365 0.137349 
0 0.134615 0.478313 0.0913462 0.166265 
0 0.277644 0.548193 0.112981 0.171084 
0 0.669471 0.53012 0.137019 0.163855 
0 0.503606 0.448193 0.137019 0.159036 
0 0.871394 0.345783 0.103365 0.137349 
0 0.134615 0.478313 0.0913462 0.166265 
0 0.277644 0.548193 0.112981 0.171084 
0 0.669471 0.53012 0.137019 0.163855 
0 0.503606 0.448193 0.137019 0.159036 
0 0.871394 0.345783 0.103365 0.137349 
0 0.134615 0.478313 0.0913462 0.166265 
0 0.277644 0.548193 0.112981 0.171084 
0 0.669471 0.53012 0.137019 0.163855 
0 0.503606 0.448193 0.137019 0.159036 
0 0.871394 0.345783 0.103365 0.137349 
1 0.250806 0.384393 0.137097 0.323699 
1 0.728226 0.306358 0.133871 0.306358 
1 0.48871 0.287572 0.129032 0.291908 
1 0.250806 0.384393 0.137097 0.323699 
1 0.728226 0.306358 0.133871 0.306358 
1 0.48871 0.287572 0.129032 0.291908 
1 0.250806 0.384393 0.137097 0.323699 
1 0.728226 0.306358 0.133871 0.306358 
1 0.48871 0.287572 0.129032 0.291908 
1 0.250806 0.384393 0.137097 0.323699 
1 0.728226 0.306358 0.133871 0.306358 
1 0.48871 0.287572 0.129032 0.291908 
1 0.250806 0.384393 0.137097 0.323699 
1 0.728226 0.306358 0.133871 0.306358 
1 0.48871 0.287572 0.129032 0.291908 
1 0.250806 0.384393 0.137097 0.323699 
1 0.728226 0.306358 0.133871 0.306358 
1 0.48871 0.287572 0.129032 0.291908 
1 0.250806 0.384393 0.137097 0.323699 
1 0.728226 0.306358 0.133871 0.306358 
1 0.48871 0.287572 0.129032 0.291908 
1 0.250806 0.384393 0.137097 0.323699 
1 0.728226 0.306358 0.133871 0.306358 
1 0.48871 0.287572 0.129032 0.291908 
1 0.250806 0.384393 0.137097 0.323699 
1 0.728226 0.306358 0.133871 0.306358 
1 0.48871 0.287572 0.129032 0.291908 
1 0.250806 0.384393 0.137097 0.323699 
1 0.728226 0.306358 0.133871 0.306358 
1 0.48871 0.287572 0.129032 0.291908 
1 0.250806 0.384393 0.137097 0.323699 
1 0.728226 0.306358 0.133871 0.306358 
1 0.48871 0.287572 0.129032 0.291908 
1 0.250806 0.384393 0.137097 0.323699 
1 0.728226 0.306358 0.133871 0.306358 
1 0.48871 0.287572 0.129032 0.291908 
1 0.250806 0.384393 0.137097 0.323699 
1 0.728226 0.306358 0.133871 0.306358 
1 0.48871 0.287572 0.129032 0.291908 
1 0.250806 0.384393 0.137097 0.323699 
1 0.728226 0.306358 0.133871 0.306358 
1 0.48871 0.287572 0.129032 0.291908 
1 0.250806 0.384393 0.137097 0.323699 
1 0.728226 0.306358 0.133871 0.306358 
1 0.48871 0.287572 0.129032 0.291908 
1 0.250806 0.384393 0.137097 0.323699 
1 0.728226 0.306358 0.133871 0.306358 
1 0.48871 0.287572 0.129032 0.291908 
1 0.250806 0.384393 0.137097 0.323699 
1 0.728226 0.306358 0.133871 0.306358 
1 0.48871 0.287572 0.129032 0.291908 
1 0.250806 0.384393 0.137097 0.323699 
1 0.728226 0.306358 0.133871 0.306358 
1 0.48871 0.287572 0.129032 0.291908 
1 0.250806 0.384393 0.137097 0.323699 
1 0.728226 0.306358 0.133871 0.306358 
1 0.48871 0.287572 0.129032 0.291908 
1 0.250806 0.384393 0.137097 0.323699 
1 0.728226 0.306358 0.133871 0.306358 
1 0.48871 0.287572 0.129032 0.291908 
1 0.250806 0.384393 0.137097 0.323699 
1 0.728226 0.306358 0.133871 0.306358 
1 0.48871 0.287572 0.129032 0.291908 
1 0.250806 0.384393 0.137097 0.323699 
1 0.728226 0.306358 0.133871 0.306358 
1 0.48871 0.287572 0.129032 0.291908 
1 0.250806 0.384393 0.137097 0.323699 
1 0.728226 0.306358 0.133871 0.306358 
1 0.48871 0.287572 0.129032 0.291908 
1 0.250806 0.384393 0.137097 0.323699 
1 0.728226 0.306358 0.133871 0.306358 
1 0.48871 0.287572 0.129032 0.291908 
1 0.250806 0.384393 0.137097 0.323699 
1 0.728226 0.306358 0.133871 0.306358 
1 0.48871 0.287572 0.129032 0.291908 
1 0.250806 0.384393 0.137097 0.323699 
1 0.728226 0.306358 0.133871 0.306358 
1 0.48871 0.287572 0.129032 0.291908 
1 0.250806 0.384393 0.137097 0.323699 
1 0.728226 0.306358 0.133871 0.306358 
1 0.48871 0.287572 0.129032 0.291908 
1 0.250806 0.384393 0.137097 0.323699 
1 0.728226 0.306358 0.133871 0.306358 
1 0.48871 0.287572 0.129032 0.291908 
1 0.250806 0.384393 0.137097 0.323699 
1 0.728226 0.306358 0.133871 0.306358 
1 0.48871 0.287572 0.129032 0.291908 
1 0.250806 0.384393 0.137097 0.323699 
1 0.728226 0.306358 0.133871 0.306358 
1 0.48871 0.287572 0.129032 0.291908 
1 0.250806 0.384393 0.137097 0.323699 
1 0.728226 0.306358 0.133871 0.306358 
1 0.48871 0.287572 0.129032 0.291908 
1 0.250806 0.384393 0.137097 0.323699 
1 0.728226 0.306358 0.133871 0.306358 
1 0.48871 0.287572 0.129032 0.291908 
1 0.250806 0.384393 0.137097 0.323699 
1 0.728226 0.306358 0.133871 0.306358 
1 0.48871 0.287572 0.129032 0.291908 
1 0.250806 0.384393 0.137097 0.323699 
1 0.728226 0.306358 0.133871 0.306358 
1 0.48871 0.287572 0.129032 0.291908 
1 0.250806 0.384393 0.137097 0.323699 
1 0.728226 0.306358 0.133871 0.306358 
1 0.48871 0.287572 0.129032 0.291908 
1 0.250806 0.384393 0.137097 0.323699 
1 0.728226 0.306358 0.133871 0.306358 
1 0.48871 0.287572 0.129032 0.291908 
1 0.250806 0.384393 0.137097 0.323699 
1 0.728226 0.306358 0.133871 0.306358 
1 0.48871 0.287572 0.129032 0.291908 
1 0.250806 0.384393 0.137097 0.323699 
1 0.728226 0.306358 0.133871 0.306358 
1 0.48871 0.287572 0.129032 0.291908 
1 0.250806 0.384393 0.137097 0.323699 
1 0.728226 0.306358 0.133871 0.306358 
1 0.48871 0.287572 0.129032 0.291908 
1 0.250806 0.384393 0.137097 0.323699 
1 0.728226 0.306358 0.133871 0.306358 
1 0.48871 0.287572 0.129032 0.291908 
1 0.250806 0.384393 0.137097 0.323699 
1 0.728226 0.306358 0.133871 0.306358 
1 0.48871 0.287572 0.129032 0.291908 
1 0.250806 0.384393 0.137097 0.323699 
1 0.728226 0.306358 0.133871 0.306358 
1 0.48871 0.287572 0.129032 0.291908 
1 0.250806 0.384393 0.137097 0.323699 
1 0.728226 0.306358 0.133871 0.306358 
1 0.48871 0.287572 0.129032 0.291908 
1 0.250806 0.384393 0.137097 0.323699 
1 0.728226 0.306358 0.133871 0.306358 
1 0.48871 0.287572 0.129032 0.291908 
1 0.250806 0.384393 0.137097 0.323699 
1 0.728226 0.306358 0.133871 0.306358 
1 0.48871 0.287572 0.129032 0.291908 
1 0.250806 0.384393 0.137097 0.323699 
1 0.728226 0.306358 0.133871 0.306358 
1 0.48871 0.287572 0.129032 0.291908 
1 0.250806 0.384393 0.137097 0.323699 
1 0.728226 0.306358 0.133871 0.306358 
1 0.48871 0.287572 0.129032 0.291908 
1 0.250806 0.384393 0.137097 0.323699 
1 0.728226 0.306358 0.133871 0.306358 
1 0.48871 0.287572 0.129032 0.291908 
1 0.250806 0.384393 0.137097 0.323699 
1 0.728226 0.306358 0.133871 0.306358 
1 0.48871 0.287572 0.129032 0.291908 
1 0.250806 0.384393 0.137097 0.323699 
1 0.728226 0.306358 0.133871 0.306358 
1 0.48871 0.287572 0.129032 0.291908 
1 0.250806 0.384393 0.137097 0.323699 
1 0.728226 0.306358 0.133871 0.306358 
1 0.48871 0.287572 0.129032 0.291908 
1 0.250806 0.384393 0.137097 0.323699 
1 0.728226 0.306358 0.133871 0.306358 
1 0.48871 0.287572 0.129032 0.291908 
1 0.250806 0.384393 0.137097 0.323699 
1 0.728226 0.306358 0.133871 0.306358 
1 0.48871 0.287572 0.129032 0.291908 
1 0.250806 0.384393 0.137097 0.323699 
1 0.728226 0.306358 0.133871 0.306358 
1 0.48871 0.287572 0.129032 0.291908 
1 0.250806 0.384393 0.137097 0.323699 
1 0.728226 0.306358 0.133871 0.306358 
1 0.48871 0.287572 0.129032 0.291908 
1 0.250806 0.384393 0.137097 0.323699 
1 0.728226 0.306358 0.133871 0.306358 
1 0.48871 0.287572 0.129032 0.291908 
1 0.250806 0.384393 0.137097 0.323699 
1 0.728226 0.306358 0.133871 0.306358 
1 0.48871 0.287572 0.129032 0.291908 
1 0.250806 0.384393 0.137097 0.323699 
1 0.728226 0.306358 0.133871 0.306358 
1 0.48871 0.287572 0.129032 0.291908 
1 0.250806 0.384393 0.137097 0.323699 
1 0.728226 0.306358 0.133871 0.306358 
1 0.48871 0.287572 0.129032 0.291908 
1 0.250806 0.384393 0.137097 0.323699 
1 0.728226 0.306358 0.133871 0.306358 
1 0.48871 0.287572 0.129032 0.291908 
1 0.250806 0.384393 0.137097 0.323699 
1 0.728226 0.306358 0.133871 0.306358 
1 0.48871 0.287572 0.129032 0.291908 
1 0.250806 0.384393 0.137097 0.323699 
1 0.728226 0.306358 0.133871 0.306358 
1 0.48871 0.287572 0.129032 0.291908 
1 0.250806 0.384393 0.137097 0.323699 
1 0.728226 0.306358 0.133871 0.306358 
1 0.48871 0.287572 0.129032 0.291908 
1 0.250806 0.384393 0.137097 0.323699 
1 0.728226 0.306358 0.133871 0.306358 
1 0.48871 0.287572 0.129032 0.291908 
1 0.250806 0.384393 0.137097 0.323699 
1 0.728226 0.306358 0.133871 0.306358 
1 0.48871 0.287572 0.129032 0.291908 
1 0.250806 0.384393 0.137097 0.323699 
1 0.728226 0.306358 0.133871 0.306358 
1 0.48871 0.287572 0.129032 0.291908 
1 0.250806 0.384393 0.137097 0.323699 
1 0.728226 0.306358 0.133871 0.306358 
1 0.48871 0.287572 0.129032 0.291908 
1 0.250806 0.384393 0.137097 0.323699 
1 0.728226 0.306358 0.133871 0.306358 
1 0.48871 0.287572 0.129032 0.291908 
1 0.250806 0.384393 0.137097 0.323699 
1 0.728226 0.306358 0.133871 0.306358 
1 0.48871 0.287572 0.129032 0.291908 
1 0.250806 0.384393 0.137097 0.323699 
1 0.728226 0.306358 0.133871 0.306358 
1 0.48871 0.287572 0.129032 0.291908 
1 0.250806 0.384393 0.137097 0.323699 
1 0.728226 0.306358 0.133871 0.306358 
1 0.48871 0.287572 0.129032 0.291908 
1 0.250806 0.384393 0.137097 0.323699 
1 0.728226 0.306358 0.133871 0.306358 
1 0.48871 0.287572 0.129032 0.291908 
1 0.250806 0.384393 0.137097 0.323699 
1 0.728226 0.306358 0.133871 0.306358 
1 0.48871 0.287572 0.129032 0.291908 
1 0.250806 0.384393 0.137097 0.323699 
1 0.728226 0.306358 0.133871 0.306358 
1 0.48871 0.287572 0.129032 0.291908 
1 0.250806 0.384393 0.137097 0.323699 
1 0.728226 0.306358 0.133871 0.306358 
1 0.48871 0.287572 0.129032 0.291908 
1 0.250806 0.384393 0.137097 0.323699 
1 0.728226 0.306358 0.133871 0.306358 
1 0.48871 0.287572 0.129032 0.291908 
1 0.250806 0.384393 0.137097 0.323699 
1 0.728226 0.306358 0.133871 0.306358 
1 0.48871 0.287572 0.129032 0.291908 
1 0.250806 0.384393 0.137097 0.323699 
1 0.728226 0.306358 0.133871 0.306358 
1 0.48871 0.287572 0.129032 0.291908 
1 0.250806 0.384393 0.137097 0.323699 
1 0.728226 0.306358 0.133871 0.306358 
1 0.48871 0.287572 0.129032 0.291908 
1 0.250806 0.384393 0.137097 0.323699 
1 0.728226 0.306358 0.133871 0.306358 
1 0.48871 0.287572 0.129032 0.291908 
1 0.250806 0.384393 0.137097 0.323699 
1 0.728226 0.306358 0.133871 0.306358 
1 0.48871 0.287572 0.129032 0.291908 
1 0.250806 0.384393 0.137097 0.323699 
1 0.728226 0.306358 0.133871 0.306358 
1 0.48871 0.287572 0.129032 0.291908 
1 0.250806 0.384393 0.137097 0.323699 
1 0.728226 0.306358 0.133871 0.306358 
1 0.48871 0.287572 0.129032 0.291908 
1 0.250806 0.384393 0.137097 0.323699 
1 0.728226 0.306358 0.133871 0.306358 
1 0.48871 0.287572 0.129032 0.291908 
1 0.250806 0.384393 0.137097 0.323699 
1 0.728226 0.306358 0.133871 0.306358 
1 0.48871 0.287572 0.129032 0.291908 
1 0.250806 0.384393 0.137097 0.323699 
1 0.728226 0.306358 0.133871 0.306358 
1 0.48871 0.287572 0.129032 0.291908 
1 0.250806 0.384393 0.137097 0.323699 
1 0.728226 0.306358 0.133871 0.306358 
1 0.48871 0.287572 0.129032 0.291908 
1 0.250806 0.384393 0.137097 0.323699 
1 0.728226 0.306358 0.133871 0.306358 
1 0.48871 0.287572 0.129032 0.291908 
1 0.250806 0.384393 0.137097 0.323699 
1 0.728226 0.306358 0.133871 0.306358 
1 0.48871 0.287572 0.129032 0.291908 
1 0.250806 0.384393 0.137097 0.323699 
1 0.728226 0.306358 0.133871 0.306358 
1 0.48871 0.287572 0.129032 0.291908 
1 0.250806 0.384393 0.137097 0.323699 
1 0.728226 0.306358 0.133871 0.306358 
1 0.48871 0.287572 0.129032 0.291908 
1 0.250806 0.384393 0.137097 0.323699 
1 0.728226 0.306358 0.133871 0.306358 
1 0.48871 0.287572 0.129032 0.291908 
1 0.250806 0.384393 0.137097 0.323699 
1 0.728226 0.306358 0.133871 0.306358 
1 0.48871 0.287572 0.129032 0.291908 
1 0.250806 0.384393 0.137097 0.323699 
1 0.728226 0.306358 0.133871 0.306358 
1 0.48871 0.287572 0.129032 0.291908 
1 0.250806 0.384393 0.137097 0.323699 
1 0.728226 0.306358 0.133871 0.306358 
1 0.48871 0.287572 0.129032 0.291908 
1 0.250806 0.384393 0.137097 0.323699 
1 0.728226 0.306358 0.133871 0.306358 
1 0.48871 0.287572 0.129032 0.291908 
1 0.250806 0.384393 0.137097 0.323699 
1 0.728226 0.306358 0.133871 0.306358 
1 0.48871 0.287572 0.129032 0.291908 
1 0.250806 0.384393 0.137097 0.323699 
1 0.728226 0.306358 0.133871 0.306358 
1 0.48871 0.287572 0.129032 0.291908 
1 0.250806 0.384393 0.137097 0.323699 
1 0.728226 0.306358 0.133871 0.306358 
1 0.48871 0.287572 0.129032 0.291908 
1 0.250806 0.384393 0.137097 0.323699 
1 0.728226 0.306358 0.133871 0.306358 
1 0.48871 0.287572 0.129032 0.291908 
1 0.250806 0.384393 0.137097 0.323699 
1 0.728226 0.306358 0.133871 0.306358 
1 0.48871 0.287572 0.129032 0.291908 
1 0.250806 0.384393 0.137097 0.323699 
1 0.728226 0.306358 0.133871 0.306358 
1 0.48871 0.287572 0.129032 0.291908 
1 0.250806 0.384393 0.137097 0.323699 
1 0.728226 0.306358 0.133871 0.306358 
1 0.48871 0.287572 0.129032 0.291908 
1 0.250806 0.384393 0.137097 0.323699 
1 0.728226 0.306358 0.133871 0.306358 
1 0.48871 0.287572 0.129032 0.291908 
1 0.250806 0.384393 0.137097 0.323699 
1 0.728226 0.306358 0.133871 0.306358 
1 0.48871 0.287572 0.129032 0.291908 
1 0.250806 0.384393 0.137097 0.323699 
1 0.728226 0.306358 0.133871 0.306358 
1 0.48871 0.287572 0.129032 0.291908 
1 0.250806 0.384393 0.137097 0.323699 
1 0.728226 0.306358 0.133871 0.306358 
1 0.48871 0.287572 0.129032 0.291908 
1 0.250806 0.384393 0.137097 0.323699 
1 0.728226 0.306358 0.133871 0.306358 
1 0.48871 0.287572 0.129032 0.291908 
1 0.250806 0.384393 0.137097 0.323699 
1 0.728226 0.306358 0.133871 0.306358 
1 0.48871 0.287572 0.129032 0.291908 
1 0.250806 0.384393 0.137097 0.323699 
1 0.728226 0.306358 0.133871 0.306358 
1 0.48871 0.287572 0.129032 0.291908 
1 0.250806 0.384393 0.137097 0.323699 
1 0.728226 0.306358 0.133871 0.306358 
1 0.48871 0.287572 0.129032 0.291908 
1 0.250806 0.384393 0.137097 0.323699 
1 0.728226 0.306358 0.133871 0.306358 
1 0.48871 0.287572 0.129032 0.291908 
1 0.250806 0.384393 0.137097 0.323699 
1 0.728226 0.306358 0.133871 0.306358 
1 0.48871 0.287572 0.129032 0.291908 
1 0.250806 0.384393 0.137097 0.323699 
1 0.728226 0.306358 0.133871 0.306358 
1 0.48871 0.287572 0.129032 0.291908 
1 0.250806 0.384393 0.137097 0.323699 
1 0.728226 0.306358 0.133871 0.306358 
1 0.48871 0.287572 0.129032 0.291908 
1 0.250806 0.384393 0.137097 0.323699 
1 0.728226 0.306358 0.133871 0.306358 
1 0.48871 0.287572 0.129032 0.291908 
1 0.250806 0.384393 0.137097 0.323699 
1 0.728226 0.306358 0.133871 0.306358 
1 0.48871 0.287572 0.129032 0.291908 
1 0.250806 0.384393 0.137097 0.323699 
1 0.728226 0.306358 0.133871 0.306358 
1 0.48871 0.287572 0.129032 0.291908 
1 0.250806 0.384393 0.137097 0.323699 
1 0.728226 0.306358 0.133871 0.306358 
1 0.48871 0.287572 0.129032 0.291908 
1 0.250806 0.384393 0.137097 0.323699 
1 0.728226 0.306358 0.133871 0.306358 
1 0.48871 0.287572 0.129032 0.291908 
1 0.250806 0.384393 0.137097 0.323699 
1 0.728226 0.306358 0.133871 0.306358 
1 0.48871 0.287572 0.129032 0.291908 
1 0.250806 0.384393 0.137097 0.323699 
1 0.728226 0.306358 0.133871 0.306358 
1 0.48871 0.287572 0.129032 0.291908 
1 0.250806 0.384393 0.137097 0.323699 
1 0.728226 0.306358 0.133871 0.306358 
1 0.48871 0.287572 0.129032 0.291908 
1 0.250806 0.384393 0.137097 0.323699 
1 0.728226 0.306358 0.133871 0.306358 
1 0.48871 0.287572 0.129032 0.291908 
1 0.250806 0.384393 0.137097 0.323699 
1 0.728226 0.306358 0.133871 0.306358 
1 0.48871 0.287572 0.129032 0.291908 
1 0.250806 0.384393 0.137097 0.323699 
1 0.728226 0.306358 0.133871 0.306358 
1 0.48871 0.287572 0.129032 0.291908 
1 0.250806 0.384393 0.137097 0.323699 
1 0.728226 0.306358 0.133871 0.306358 
1 0.48871 0.287572 0.129032 0.291908 
1 0.250806 0.384393 0.137097 0.323699 
1 0.728226 0.306358 0.133871 0.306358 
1 0.48871 0.287572 0.129032 0.291908 
1 0.250806 0.384393 0.137097 0.323699 
1 0.728226 0.306358 0.133871 0.306358 
1 0.48871 0.287572 0.129032 0.291908 
1 0.250806 0.384393 0.137097 0.323699 
1 0.728226 0.306358 0.133871 0.306358 
1 0.48871 0.287572 0.129032 0.291908 
1 0.250806 0.384393 0.137097 0.323699 
1 0.728226 0.306358 0.133871 0.306358 
1 0.48871 0.287572 0.129032 0.291908 
1 0.250806 0.384393 0.137097 0.323699 
1 0.728226 0.306358 0.133871 0.306358 
1 0.48871 0.287572 0.129032 0.291908 
1 0.250806 0.384393 0.137097 0.323699 
1 0.728226 0.306358 0.133871 0.306358 
1 0.48871 0.287572 0.129032 0.291908 
1 0.250806 0.384393 0.137097 0.323699 
1 0.728226 0.306358 0.133871 0.306358 
1 0.48871 0.287572 0.129032 0.291908 
1 0.250806 0.384393 0.137097 0.323699 
1 0.728226 0.306358 0.133871 0.306358 
1 0.48871 0.287572 0.129032 0.291908 
1 0.250806 0.384393 0.137097 0.323699 
1 0.728226 0.306358 0.133871 0.306358 
1 0.48871 0.287572 0.129032 0.291908 
1 0.250806 0.384393 0.137097 0.323699 
1 0.728226 0.306358 0.133871 0.306358 
1 0.48871 0.287572 0.129032 0.291908 
1 0.250806 0.384393 0.137097 0.323699 
1 0.728226 0.306358 0.133871 0.306358 
1 0.48871 0.287572 0.129032 0.291908 
1 0.250806 0.384393 0.137097 0.323699 
1 0.728226 0.306358 0.133871 0.306358 
1 0.48871 0.287572 0.129032 0.291908 
1 0.250806 0.384393 0.137097 0.323699 
1 0.728226 0.306358 0.133871 0.306358 
1 0.48871 0.287572 0.129032 0.291908 
1 0.250806 0.384393 0.137097 0.323699 
1 0.728226 0.306358 0.133871 0.306358 
1 0.48871 0.287572 0.129032 0.291908 
1 0.250806 0.384393 0.137097 0.323699 
1 0.728226 0.306358 0.133871 0.306358 
1 0.48871 0.287572 0.129032 0.291908 
1 0.250806 0.384393 0.137097 0.323699 
1 0.728226 0.306358 0.133871 0.306358 
1 0.48871 0.287572 0.129032 0.291908 
1 0.250806 0.384393 0.137097 0.323699 
1 0.728226 0.306358 0.133871 0.306358 
1 0.48871 0.287572 0.129032 0.291908 
1 0.250806 0.384393 0.137097 0.323699 
1 0.728226 0.306358 0.133871 0.306358 
1 0.48871 0.287572 0.129032 0.291908 
1 0.250806 0.384393 0.137097 0.323699 
1 0.728226 0.306358 0.133871 0.306358 
1 0.48871 0.287572 0.129032 0.291908 
1 0.250806 0.384393 0.137097 0.323699 
1 0.728226 0.306358 0.133871 0.306358 
1 0.48871 0.287572 0.129032 0.291908 
1 0.250806 0.384393 0.137097 0.323699 
1 0.728226 0.306358 0.133871 0.306358 
1 0.48871 0.287572 0.129032 0.291908 
1 0.250806 0.384393 0.137097 0.323699 
1 0.728226 0.306358 0.133871 0.306358 
1 0.48871 0.287572 0.129032 0.291908 
1 0.250806 0.384393 0.137097 0.323699 
1 0.728226 0.306358 0.133871 0.306358 
1 0.48871 0.287572 0.129032 0.291908 
1 0.250806 0.384393 0.137097 0.323699 
1 0.728226 0.306358 0.133871 0.306358 
1 0.48871 0.287572 0.129032 0.291908 
1 0.250806 0.384393 0.137097 0.323699 
1 0.728226 0.306358 0.133871 0.306358 
1 0.48871 0.287572 0.129032 0.291908 
1 0.250806 0.384393 0.137097 0.323699 
1 0.728226 0.306358 0.133871 0.306358 
1 0.48871 0.287572 0.129032 0.291908 
1 0.250806 0.384393 0.137097 0.323699 
1 0.728226 0.306358 0.133871 0.306358 
1 0.48871 0.287572 0.129032 0.291908 
1 0.250806 0.384393 0.137097 0.323699 
1 0.728226 0.306358 0.133871 0.306358 
1 0.48871 0.287572 0.129032 0.291908 
1 0.250806 0.384393 0.137097 0.323699 
1 0.728226 0.306358 0.133871 0.306358 
1 0.48871 0.287572 0.129032 0.291908 
1 0.250806 0.384393 0.137097 0.323699 
1 0.728226 0.306358 0.133871 0.306358 
1 0.48871 0.287572 0.129032 0.291908 
1 0.250806 0.384393 0.137097 0.323699 
1 0.728226 0.306358 0.133871 0.306358 
1 0.48871 0.287572 0.129032 0.291908 
1 0.250806 0.384393 0.137097 0.323699 
1 0.728226 0.306358 0.133871 0.306358 
1 0.48871 0.287572 0.129032 0.291908 
1 0.250806 0.384393 0.137097 0.323699 
1 0.728226 0.306358 0.133871 0.306358 
1 0.48871 0.287572 0.129032 0.291908 
1 0.250806 0.384393 0.137097 0.323699 
1 0.728226 0.306358 0.133871 0.306358 
1 0.48871 0.287572 0.129032 0.291908 
1 0.250806 0.384393 0.137097 0.323699 
1 0.728226 0.306358 0.133871 0.306358 
1 0.48871 0.287572 0.129032 0.291908 
1 0.250806 0.384393 0.137097 0.323699 
1 0.728226 0.306358 0.133871 0.306358 
1 0.48871 0.287572 0.129032 0.291908 
1 0.250806 0.384393 0.137097 0.323699 
1 0.728226 0.306358 0.133871 0.306358 
1 0.48871 0.287572 0.129032 0.291908 
1 0.250806 0.384393 0.137097 0.323699 
1 0.728226 0.306358 0.133871 0.306358 
1 0.48871 0.287572 0.129032 0.291908 
1 0.250806 0.384393 0.137097 0.323699 
1 0.728226 0.306358 0.133871 0.306358 
1 0.48871 0.287572 0.129032 0.291908 
1 0.250806 0.384393 0.137097 0.323699 
1 0.728226 0.306358 0.133871 0.306358 
1 0.48871 0.287572 0.129032 0.291908 
1 0.250806 0.384393 0.137097 0.323699 
1 0.728226 0.306358 0.133871 0.306358 
1 0.48871 0.287572 0.129032 0.291908 
1 0.250806 0.384393 0.137097 0.323699 
1 0.728226 0.306358 0.133871 0.306358 
1 0.48871 0.287572 0.129032 0.291908 
1 0.250806 0.384393 0.137097 0.323699 
1 0.728226 0.306358 0.133871 0.306358 
1 0.48871 0.287572 0.129032 0.291908 
1 0.250806 0.384393 0.137097 0.323699 
1 0.728226 0.306358 0.133871 0.306358 
1 0.48871 0.287572 0.129032 0.291908 
1 0.250806 0.384393 0.137097 0.323699 
1 0.728226 0.306358 0.133871 0.306358 
1 0.48871 0.287572 0.129032 0.291908 
1 0.250806 0.384393 0.137097 0.323699 
1 0.728226 0.306358 0.133871 0.306358 
1 0.48871 0.287572 0.129032 0.291908 
1 0.250806 0.384393 0.137097 0.323699 
1 0.728226 0.306358 0.133871 0.306358 
1 0.48871 0.287572 0.129032 0.291908 
1 0.250806 0.384393 0.137097 0.323699 
1 0.728226 0.306358 0.133871 0.306358 
1 0.48871 0.287572 0.129032 0.291908 
1 0.250806 0.384393 0.137097 0.323699 
1 0.728226 0.306358 0.133871 0.306358 
1 0.48871 0.287572 0.129032 0.291908 
1 0.250806 0.384393 0.137097 0.323699 
1 0.728226 0.306358 0.133871 0.306358 
1 0.48871 0.287572 0.129032 0.291908 
1 0.250806 0.384393 0.137097 0.323699 
1 0.728226 0.306358 0.133871 0.306358 
1 0.48871 0.287572 0.129032 0.291908 
1 0.250806 0.384393 0.137097 0.323699 
1 0.728226 0.306358 0.133871 0.306358 
1 0.48871 0.287572 0.129032 0.291908 
1 0.250806 0.384393 0.137097 0.323699 
1 0.728226 0.306358 0.133871 0.306358 
1 0.48871 0.287572 0.129032 0.291908 
1 0.250806 0.384393 0.137097 0.323699 
1 0.728226 0.306358 0.133871 0.306358 
1 0.48871 0.287572 0.129032 0.291908 
1 0.250806 0.384393 0.137097 0.323699 
1 0.728226 0.306358 0.133871 0.306358 
1 0.48871 0.287572 0.129032 0.291908 
1 0.250806 0.384393 0.137097 0.323699 
1 0.728226 0.306358 0.133871 0.306358 
1 0.48871 0.287572 0.129032 0.291908 
1 0.250806 0.384393 0.137097 0.323699 
1 0.728226 0.306358 0.133871 0.306358 
1 0.48871 0.287572 0.129032 0.291908 
1 0.250806 0.384393 0.137097 0.323699 
1 0.728226 0.306358 0.133871 0.306358 
1 0.48871 0.287572 0.129032 0.291908 
1 0.250806 0.384393 0.137097 0.323699 
1 0.728226 0.306358 0.133871 0.306358 
1 0.48871 0.287572 0.129032 0.291908 
1 0.250806 0.384393 0.137097 0.323699 
1 0.728226 0.306358 0.133871 0.306358 
1 0.48871 0.287572 0.129032 0.291908 
1 0.250806 0.384393 0.137097 0.323699 
1 0.728226 0.306358 0.133871 0.306358 
1 0.48871 0.287572 0.129032 0.291908 
1 0.250806 0.384393 0.137097 0.323699 
1 0.728226 0.306358 0.133871 0.306358 
1 0.48871 0.287572 0.129032 0.291908 
1 0.250806 0.384393 0.137097 0.323699 
1 0.728226 0.306358 0.133871 0.306358 
1 0.48871 0.287572 0.129032 0.291908 
1 0.250806 0.384393 0.137097 0.323699 
1 0.728226 0.306358 0.133871 0.306358 
1 0.48871 0.287572 0.129032 0.291908 
1 0.250806 0.384393 0.137097 0.323699 
1 0.728226 0.306358 0.133871 0.306358 
1 0.48871 0.287572 0.129032 0.291908 
1 0.250806 0.384393 0.137097 0.323699 
1 0.728226 0.306358 0.133871 0.306358 
1 0.48871 0.287572 0.129032 0.291908 
1 0.250806 0.384393 0.137097 0.323699 
1 0.728226 0.306358 0.133871 0.306358 
1 0.48871 0.287572 0.129032 0.291908 
1 0.250806 0.384393 0.137097 0.323699 
1 0.728226 0.306358 0.133871 0.306358 
1 0.48871 0.287572 0.129032 0.291908 
1 0.250806 0.384393 0.137097 0.323699 
1 0.728226 0.306358 0.133871 0.306358 
1 0.48871 0.287572 0.129032 0.291908 
1 0.250806 0.384393 0.137097 0.323699 
1 0.728226 0.306358 0.133871 0.306358 
1 0.48871 0.287572 0.129032 0.291908 
1 0.250806 0.384393 0.137097 0.323699 
1 0.728226 0.306358 0.133871 0.306358 
1 0.48871 0.287572 0.129032 0.291908 
1 0.250806 0.384393 0.137097 0.323699 
1 0.728226 0.306358 0.133871 0.306358 
1 0.48871 0.287572 0.129032 0.291908 
1 0.250806 0.384393 0.137097 0.323699 
1 0.728226 0.306358 0.133871 0.306358 
1 0.48871 0.287572 0.129032 0.291908 
1 0.250806 0.384393 0.137097 0.323699 
1 0.728226 0.306358 0.133871 0.306358 
1 0.48871 0.287572 0.129032 0.291908 
1 0.250806 0.384393 0.137097 0.323699 
1 0.728226 0.306358 0.133871 0.306358 
1 0.48871 0.287572 0.129032 0.291908 
1 0.250806 0.384393 0.137097 0.323699 
1 0.728226 0.306358 0.133871 0.306358 
1 0.48871 0.287572 0.129032 0.291908 
1 0.250806 0.384393 0.137097 0.323699 
1 0.728226 0.306358 0.133871 0.306358 
1 0.48871 0.287572 0.129032 0.291908 
1 0.250806 0.384393 0.137097 0.323699 
1 0.728226 0.306358 0.133871 0.306358 
1 0.48871 0.287572 0.129032 0.291908 
1 0.250806 0.384393 0.137097 0.323699 
1 0.728226 0.306358 0.133871 0.306358 
1 0.48871 0.287572 0.129032 0.291908 
1 0.250806 0.384393 0.137097 0.323699 
1 0.728226 0.306358 0.133871 0.306358 
1 0.48871 0.287572 0.129032 0.291908 
1 0.250806 0.384393 0.137097 0.323699 
1 0.728226 0.306358 0.133871 0.306358 
1 0.48871 0.287572 0.129032 0.291908 
1 0.250806 0.384393 0.137097 0.323699 
1 0.728226 0.306358 0.133871 0.306358 
1 0.48871 0.287572 0.129032 0.291908 
1 0.250806 0.384393 0.137097 0.323699 
1 0.728226 0.306358 0.133871 0.306358 
1 0.48871 0.287572 0.129032 0.291908 
1 0.250806 0.384393 0.137097 0.323699 
1 0.728226 0.306358 0.133871 0.306358 
1 0.48871 0.287572 0.129032 0.291908 
1 0.250806 0.384393 0.137097 0.323699 
1 0.728226 0.306358 0.133871 0.306358 
1 0.48871 0.287572 0.129032 0.291908 
1 0.250806 0.384393 0.137097 0.323699 
1 0.728226 0.306358 0.133871 0.306358 
1 0.48871 0.287572 0.129032 0.291908 
1 0.250806 0.384393 0.137097 0.323699 
1 0.728226 0.306358 0.133871 0.306358 
1 0.48871 0.287572 0.129032 0.291908 
1 0.250806 0.384393 0.137097 0.323699 
1 0.728226 0.306358 0.133871 0.306358 
1 0.48871 0.287572 0.129032 0.291908 
1 0.250806 0.384393 0.137097 0.323699 
1 0.728226 0.306358 0.133871 0.306358 
1 0.48871 0.287572 0.129032 0.291908 
1 0.250806 0.384393 0.137097 0.323699 
1 0.728226 0.306358 0.133871 0.306358 
1 0.48871 0.287572 0.129032 0.291908 
1 0.250806 0.384393 0.137097 0.323699 
1 0.728226 0.306358 0.133871 0.306358 
1 0.48871 0.287572 0.129032 0.291908 
1 0.250806 0.384393 0.137097 0.323699 
1 0.728226 0.306358 0.133871 0.306358 
1 0.48871 0.287572 0.129032 0.291908 
1 0.250806 0.384393 0.137097 0.323699 
1 0.728226 0.306358 0.133871 0.306358 
1 0.48871 0.287572 0.129032 0.291908 
1 0.250806 0.384393 0.137097 0.323699 
1 0.728226 0.306358 0.133871 0.306358 
1 0.48871 0.287572 0.129032 0.291908 
1 0.250806 0.384393 0.137097 0.323699 
1 0.728226 0.306358 0.133871 0.306358 
1 0.48871 0.287572 0.129032 0.291908 
1 0.250806 0.384393 0.137097 0.323699 
1 0.728226 0.306358 0.133871 0.306358 
1 0.48871 0.287572 0.129032 0.291908 
1 0.250806 0.384393 0.137097 0.323699 
1 0.728226 0.306358 0.133871 0.306358 
1 0.48871 0.287572 0.129032 0.291908 
1 0.250806 0.384393 0.137097 0.323699 
1 0.728226 0.306358 0.133871 0.306358 
1 0.48871 0.287572 0.129032 0.291908 
1 0.250806 0.384393 0.137097 0.323699 
1 0.728226 0.306358 0.133871 0.306358 
1 0.48871 0.287572 0.129032 0.291908 
1 0.250806 0.384393 0.137097 0.323699 
1 0.728226 0.306358 0.133871 0.306358 
1 0.48871 0.287572 0.129032 0.291908 
1 0.250806 0.384393 0.137097 0.323699 
1 0.728226 0.306358 0.133871 0.306358 
1 0.48871 0.287572 0.129032 0.291908 
1 0.250806 0.384393 0.137097 0.323699 
1 0.728226 0.306358 0.133871 0.306358 
1 0.48871 0.287572 0.129032 0.291908 
1 0.250806 0.384393 0.137097 0.323699 
1 0.728226 0.306358 0.133871 0.306358 
1 0.48871 0.287572 0.129032 0.291908 
1 0.250806 0.384393 0.137097 0.323699 
1 0.728226 0.306358 0.133871 0.306358 
1 0.48871 0.287572 0.129032 0.291908 
1 0.250806 0.384393 0.137097 0.323699 
1 0.728226 0.306358 0.133871 0.306358 
1 0.48871 0.287572 0.129032 0.291908 
1 0.250806 0.384393 0.137097 0.323699 
1 0.728226 0.306358 0.133871 0.306358 
1 0.48871 0.287572 0.129032 0.291908 
1 0.250806 0.384393 0.137097 0.323699 
1 0.728226 0.306358 0.133871 0.306358 
1 0.48871 0.287572 0.129032 0.291908 
1 0.250806 0.384393 0.137097 0.323699 
1 0.728226 0.306358 0.133871 0.306358 
1 0.48871 0.287572 0.129032 0.291908 
1 0.250806 0.384393 0.137097 0.323699 
1 0.728226 0.306358 0.133871 0.306358 
1 0.48871 0.287572 0.129032 0.291908 
1 0.250806 0.384393 0.137097 0.323699 
1 0.728226 0.306358 0.133871 0.306358 
1 0.48871 0.287572 0.129032 0.291908 
1 0.250806 0.384393 0.137097 0.323699 
1 0.728226 0.306358 0.133871 0.306358 
1 0.48871 0.287572 0.129032 0.291908 
1 0.250806 0.384393 0.137097 0.323699 
1 0.728226 0.306358 0.133871 0.306358 
1 0.48871 0.287572 0.129032 0.291908 
1 0.250806 0.384393 0.137097 0.323699 
1 0.728226 0.306358 0.133871 0.306358 
1 0.48871 0.287572 0.129032 0.291908 
1 0.250806 0.384393 0.137097 0.323699 
1 0.728226 0.306358 0.133871 0.306358 
1 0.48871 0.287572 0.129032 0.291908 
1 0.250806 0.384393 0.137097 0.323699 
1 0.728226 0.306358 0.133871 0.306358 
1 0.48871 0.287572 0.129032 0.291908 
1 0.250806 0.384393 0.137097 0.323699 
1 0.728226 0.306358 0.133871 0.306358 
1 0.48871 0.287572 0.129032 0.291908 
1 0.250806 0.384393 0.137097 0.323699 
1 0.728226 0.306358 0.133871 0.306358 
1 0.48871 0.287572 0.129032 0.291908 
1 0.250806 0.384393 0.137097 0.323699 
1 0.728226 0.306358 0.133871 0.306358 
1 0.48871 0.287572 0.129032 0.291908 
1 0.250806 0.384393 0.137097 0.323699 
1 0.728226 0.306358 0.133871 0.306358 
1 0.48871 0.287572 0.129032 0.291908 
1 0.250806 0.384393 0.137097 0.323699 
1 0.728226 0.306358 0.133871 0.306358 
1 0.48871 0.287572 0.129032 0.291908 
1 0.250806 0.384393 0.137097 0.323699 
1 0.728226 0.306358 0.133871 0.306358 
1 0.48871 0.287572 0.129032 0.291908 
1 0.250806 0.384393 0.137097 0.323699 
1 0.728226 0.306358 0.133871 0.306358 
1 0.48871 0.287572 0.129032 0.291908 
1 0.250806 0.384393 0.137097 0.323699 
1 0.728226 0.306358 0.133871 0.306358 
1 0.48871 0.287572 0.129032 0.291908 
1 0.250806 0.384393 0.137097 0.323699 
1 0.728226 0.306358 0.133871 0.306358 
1 0.48871 0.287572 0.129032 0.291908 
1 0.250806 0.384393 0.137097 0.323699 
1 0.728226 0.306358 0.133871 0.306358 
1 0.48871 0.287572 0.129032 0.291908 
1 0.250806 0.384393 0.137097 0.323699 
1 0.728226 0.306358 0.133871 0.306358 
1 0.48871 0.287572 0.129032 0.291908 
1 0.250806 0.384393 0.137097 0.323699 
1 0.728226 0.306358 0.133871 0.306358 
1 0.48871 0.287572 0.129032 0.291908 
1 0.250806 0.384393 0.137097 0.323699 
1 0.728226 0.306358 0.133871 0.306358 
1 0.48871 0.287572 0.129032 0.291908 
1 0.250806 0.384393 0.137097 0.323699 
1 0.728226 0.306358 0.133871 0.306358 
1 0.48871 0.287572 0.129032 0.291908 
1 0.250806 0.384393 0.137097 0.323699 
1 0.728226 0.306358 0.133871 0.306358 
1 0.48871 0.287572 0.129032 0.291908 
1 0.250806 0.384393 0.137097 0.323699 
1 0.728226 0.306358 0.133871 0.306358 
1 0.48871 0.287572 0.129032 0.291908 
1 0.250806 0.384393 0.137097 0.323699 
1 0.728226 0.306358 0.133871 0.306358 
1 0.48871 0.287572 0.129032 0.291908 
1 0.250806 0.384393 0.137097 0.323699 
1 0.728226 0.306358 0.133871 0.306358 
1 0.48871 0.287572 0.129032 0.291908 
1 0.250806 0.384393 0.137097 0.323699 
1 0.728226 0.306358 0.133871 0.306358 
1 0.48871 0.287572 0.129032 0.291908 
1 0.250806 0.384393 0.137097 0.323699 
1 0.728226 0.306358 0.133871 0.306358 
1 0.48871 0.287572 0.129032 0.291908 
1 0.250806 0.384393 0.137097 0.323699 
1 0.728226 0.306358 0.133871 0.306358 
1 0.48871 0.287572 0.129032 0.291908 
1 0.250806 0.384393 0.137097 0.323699 
1 0.728226 0.306358 0.133871 0.306358 
1 0.48871 0.287572 0.129032 0.291908 
1 0.250806 0.384393 0.137097 0.323699 
1 0.728226 0.306358 0.133871 0.306358 
1 0.48871 0.287572 0.129032 0.291908 
1 0.250806 0.384393 0.137097 0.323699 
1 0.728226 0.306358 0.133871 0.306358 
1 0.48871 0.287572 0.129032 0.291908 
1 0.250806 0.384393 0.137097 0.323699 
1 0.728226 0.306358 0.133871 0.306358 
1 0.48871 0.287572 0.129032 0.291908 
1 0.250806 0.384393 0.137097 0.323699 
1 0.728226 0.306358 0.133871 0.306358 
1 0.48871 0.287572 0.129032 0.291908 
1 0.250806 0.384393 0.137097 0.323699 
1 0.728226 0.306358 0.133871 0.306358 
1 0.48871 0.287572 0.129032 0.291908 
1 0.250806 0.384393 0.137097 0.323699 
1 0.728226 0.306358 0.133871 0.306358 
1 0.48871 0.287572 0.129032 0.291908 
1 0.250806 0.384393 0.137097 0.323699 
1 0.728226 0.306358 0.133871 0.306358 
1 0.48871 0.287572 0.129032 0.291908 
1 0.250806 0.384393 0.137097 0.323699 
1 0.728226 0.306358 0.133871 0.306358 
1 0.48871 0.287572 0.129032 0.291908 
1 0.250806 0.384393 0.137097 0.323699 
1 0.728226 0.306358 0.133871 0.306358 
1 0.48871 0.287572 0.129032 0.291908 
1 0.250806 0.384393 0.137097 0.323699 
1 0.728226 0.306358 0.133871 0.306358 
1 0.48871 0.287572 0.129032 0.291908 
1 0.250806 0.384393 0.137097 0.323699 
1 0.728226 0.306358 0.133871 0.306358 
1 0.48871 0.287572 0.129032 0.291908 
1 0.250806 0.384393 0.137097 0.323699 
1 0.728226 0.306358 0.133871 0.306358 
1 0.48871 0.287572 0.129032 0.291908 
1 0.250806 0.384393 0.137097 0.323699 
1 0.728226 0.306358 0.133871 0.306358 
1 0.48871 0.287572 0.129032 0.291908 
1 0.250806 0.384393 0.137097 0.323699 
1 0.728226 0.306358 0.133871 0.306358 
1 0.48871 0.287572 0.129032 0.291908 
1 0.250806 0.384393 0.137097 0.323699 
1 0.728226 0.306358 0.133871 0.306358 
1 0.48871 0.287572 0.129032 0.291908 
1 0.250806 0.384393 0.137097 0.323699 
1 0.728226 0.306358 0.133871 0.306358 
1 0.48871 0.287572 0.129032 0.291908 
1 0.250806 0.384393 0.137097 0.323699 
1 0.728226 0.306358 0.133871 0.306358 
1 0.48871 0.287572 0.129032 0.291908 
1 0.250806 0.384393 0.137097 0.323699 
1 0.728226 0.306358 0.133871 0.306358 
1 0.48871 0.287572 0.129032 0.291908 
1 0.250806 0.384393 0.137097 0.323699 
1 0.728226 0.306358 0.133871 0.306358 
1 0.48871 0.287572 0.129032 0.291908 
1 0.250806 0.384393 0.137097 0.323699 
1 0.728226 0.306358 0.133871 0.306358 
1 0.48871 0.287572 0.129032 0.291908 
1 0.250806 0.384393 0.137097 0.323699 
1 0.728226 0.306358 0.133871 0.306358 
1 0.48871 0.287572 0.129032 0.291908 
1 0.250806 0.384393 0.137097 0.323699 
1 0.728226 0.306358 0.133871 0.306358 
1 0.48871 0.287572 0.129032 0.291908 
1 0.250806 0.384393 0.137097 0.323699 
1 0.728226 0.306358 0.133871 0.306358 
1 0.48871 0.287572 0.129032 0.291908 
1 0.250806 0.384393 0.137097 0.323699 
1 0.728226 0.306358 0.133871 0.306358 
1 0.48871 0.287572 0.129032 0.291908 
1 0.250806 0.384393 0.137097 0.323699 
1 0.728226 0.306358 0.133871 0.306358 
1 0.48871 0.287572 0.129032 0.291908 
1 0.250806 0.384393 0.137097 0.323699 
1 0.728226 0.306358 0.133871 0.306358 
1 0.48871 0.287572 0.129032 0.291908 
1 0.250806 0.384393 0.137097 0.323699 
1 0.728226 0.306358 0.133871 0.306358 
1 0.48871 0.287572 0.129032 0.291908 
1 0.250806 0.384393 0.137097 0.323699 
1 0.728226 0.306358 0.133871 0.306358 
1 0.48871 0.287572 0.129032 0.291908 
1 0.250806 0.384393 0.137097 0.323699 
1 0.728226 0.306358 0.133871 0.306358 
1 0.48871 0.287572 0.129032 0.291908 
1 0.250806 0.384393 0.137097 0.323699 
1 0.728226 0.306358 0.133871 0.306358 
1 0.48871 0.287572 0.129032 0.291908 
1 0.250806 0.384393 0.137097 0.323699 
1 0.728226 0.306358 0.133871 0.306358 
1 0.48871 0.287572 0.129032 0.291908 
1 0.250806 0.384393 0.137097 0.323699 
1 0.728226 0.306358 0.133871 0.306358 
1 0.48871 0.287572 0.129032 0.291908 
1 0.250806 0.384393 0.137097 0.323699 
1 0.728226 0.306358 0.133871 0.306358 
1 0.48871 0.287572 0.129032 0.291908 
1 0.250806 0.384393 0.137097 0.323699 
1 0.728226 0.306358 0.133871 0.306358 
1 0.48871 0.287572 0.129032 0.291908 
1 0.250806 0.384393 0.137097 0.323699 
1 0.728226 0.306358 0.133871 0.306358 
1 0.48871 0.287572 0.129032 0.291908 
1 0.250806 0.384393 0.137097 0.323699 
1 0.728226 0.306358 0.133871 0.306358 
1 0.48871 0.287572 0.129032 0.291908 
1 0.250806 0.384393 0.137097 0.323699 
1 0.728226 0.306358 0.133871 0.306358 
1 0.48871 0.287572 0.129032 0.291908 
1 0.250806 0.384393 0.137097 0.323699 
1 0.728226 0.306358 0.133871 0.306358 
1 0.48871 0.287572 0.129032 0.291908 
1 0.250806 0.384393 0.137097 0.323699 
1 0.728226 0.306358 0.133871 0.306358 
1 0.48871 0.287572 0.129032 0.291908 
1 0.250806 0.384393 0.137097 0.323699 
1 0.728226 0.306358 0.133871 0.306358 
1 0.48871 0.287572 0.129032 0.291908 
1 0.250806 0.384393 0.137097 0.323699 
1 0.728226 0.306358 0.133871 0.306358 
1 0.48871 0.287572 0.129032 0.291908 
1 0.250806 0.384393 0.137097 0.323699 
1 0.728226 0.306358 0.133871 0.306358 
1 0.48871 0.287572 0.129032 0.291908 
1 0.250806 0.384393 0.137097 0.323699 
1 0.728226 0.306358 0.133871 0.306358 
1 0.48871 0.287572 0.129032 0.291908 
1 0.250806 0.384393 0.137097 0.323699 
1 0.728226 0.306358 0.133871 0.306358 
1 0.48871 0.287572 0.129032 0.291908 
1 0.250806 0.384393 0.137097 0.323699 
1 0.728226 0.306358 0.133871 0.306358 
1 0.48871 0.287572 0.129032 0.291908 
1 0.250806 0.384393 0.137097 0.323699 
1 0.728226 0.306358 0.133871 0.306358 
1 0.48871 0.287572 0.129032 0.291908 
1 0.250806 0.384393 0.137097 0.323699 
1 0.728226 0.306358 0.133871 0.306358 
1 0.48871 0.287572 0.129032 0.291908 
1 0.250806 0.384393 0.137097 0.323699 
1 0.728226 0.306358 0.133871 0.306358 
1 0.48871 0.287572 0.129032 0.291908 
1 0.250806 0.384393 0.137097 0.323699 
1 0.728226 0.306358 0.133871 0.306358 
1 0.48871 0.287572 0.129032 0.291908 
1 0.250806 0.384393 0.137097 0.323699 
1 0.728226 0.306358 0.133871 0.306358 
1 0.48871 0.287572 0.129032 0.291908 
1 0.250806 0.384393 0.137097 0.323699 
1 0.728226 0.306358 0.133871 0.306358 
1 0.48871 0.287572 0.129032 0.291908 
1 0.250806 0.384393 0.137097 0.323699 
1 0.728226 0.306358 0.133871 0.306358 
1 0.48871 0.287572 0.129032 0.291908 
1 0.250806 0.384393 0.137097 0.323699 
1 0.728226 0.306358 0.133871 0.306358 
1 0.48871 0.287572 0.129032 0.291908 
0 0.134615 0.478313 0.0913462 0.166265 
0 0.277644 0.548193 0.112981 0.171084 
0 0.669471 0.53012 0.137019 0.163855 
0 0.503606 0.448193 0.137019 0.159036 
0 0.871394 0.345783 0.103365 0.137349 
0 0.134615 0.478313 0.0913462 0.166265 
0 0.277644 0.548193 0.112981 0.171084 
0 0.669471 0.53012 0.137019 0.163855 
0 0.503606 0.448193 0.137019 0.159036 
0 0.871394 0.345783 0.103365 0.137349 
1 0.250806 0.384393 0.137097 0.323699 
1 0.728226 0.306358 0.133871 0.306358 
1 0.48871 0.287572 0.129032 0.291908 
1 0.250806 0.384393 0.137097 0.323699 
1 0.728226 0.306358 0.133871 0.306358 
1 0.48871 0.287572 0.129032 0.291908 
0 0.74399 0.75601 0.237981 0.290865 
0 0.295673 0.725962 0.125 0.201923 
0 0.24399 0.164663 0.204327 0.257212 
0 0.822115 0.234375 0.298077 0.387019 
1 0.250806 0.384393 0.137097 0.323699 
1 0.728226 0.306358 0.133871 0.306358 
1 0.48871 0.287572 0.129032 0.291908 
1 0.250806 0.384393 0.137097 0.323699 
1 0.728226 0.306358 0.133871 0.306358 
1 0.48871 0.287572 0.129032 0.291908 
1 0.250806 0.384393 0.137097 0.323699 
1 0.728226 0.306358 0.133871 0.306358 
1 0.48871 0.287572 0.129032 0.291908 
0 0.134615 0.478313 0.0913462 0.166265 
0 0.277644 0.548193 0.112981 0.171084 
0 0.669471 0.53012 0.137019 0.163855 
0 0.503606 0.448193 0.137019 0.159036 
0 0.871394 0.345783 0.103365 0.137349 
1 0.250806 0.384393 0.137097 0.323699 
1 0.728226 0.306358 0.133871 0.306358 
1 0.48871 0.287572 0.129032 0.291908 
1 0.250806 0.384393 0.137097 0.323699 
1 0.728226 0.306358 0.133871 0.306358 
1 0.48871 0.287572 0.129032 0.291908 
1 0.7725 0.665 0.425 0.58 
1 0.7725 0.665 0.425 0.58 
1 0.7725 0.665 0.425 0.58 
0 0.77 0.834821 0.44 0.330357 
0 0.77 0.834821 0.44 0.330357 
1 0.38625 0.605381 0.2175 0.493274 
1 0.76 0.44843 0.2 0.44843 
1 0.38625 0.605381 0.2175 0.493274 
1 0.76 0.44843 0.2 0.44843 
0 0.134615 0.478313 0.0913462 0.166265 
0 0.277644 0.548193 0.112981 0.171084 
0 0.669471 0.53012 0.137019 0.163855 
0 0.503606 0.448193 0.137019 0.159036 
0 0.871394 0.345783 0.103365 0.137349 
1 0.37875 0.224215 0.0975 0.224215 
1 0.19375 0.295964 0.1075 0.251121 
1 0.56625 0.23991 0.0975 0.2287 
1 0.37875 0.224215 0.0975 0.224215 
1 0.19375 0.295964 0.1075 0.251121 
1 0.56625 0.23991 0.0975 0.2287 
1 0.3875 0.603604 0.215 0.504505 
1 0.76 0.454955 0.2 0.441441 
1 0.37875 0.224215 0.0975 0.224215 
1 0.19375 0.295964 0.1075 0.251121 
1 0.56625 0.23991 0.0975 0.2287 
0 0.134615 0.478313 0.0913462 0.166265 
0 0.277644 0.548193 0.112981 0.171084 
0 0.669471 0.53012 0.137019 0.163855 
0 0.503606 0.448193 0.137019 0.159036 
0 0.871394 0.345783 0.103365 0.137349 
0 0.74399 0.75601 0.237981 0.290865 
0 0.295673 0.725962 0.125 0.201923 
0 0.24399 0.164663 0.204327 0.257212 
0 0.822115 0.234375 0.298077 0.387019 
1 0.37875 0.224215 0.0975 0.224215 
1 0.19375 0.295964 0.1075 0.251121 
1 0.56625 0.23991 0.0975 0.2287 
1 0.37875 0.224215 0.0975 0.224215 
1 0.19375 0.295964 0.1075 0.251121 
1 0.56625 0.23991 0.0975 0.2287 
1 0.38625 0.605381 0.2175 0.493274 
1 0.76 0.44843 0.2 0.44843 
1 0.250806 0.384393 0.137097 0.323699 
1 0.728226 0.306358 0.133871 0.306358 
1 0.48871 0.287572 0.129032 0.291908 
1 0.250806 0.384393 0.137097 0.323699 
1 0.728226 0.306358 0.133871 0.306358 
1 0.48871 0.287572 0.129032 0.291908 
0 0.598558 0.519231 0.0865385 0.110577 
0 0.38101 0.456731 0.103365 0.153846 
1 0.250806 0.384393 0.137097 0.323699 
1 0.728226 0.306358 0.133871 0.306358 
1 0.48871 0.287572 0.129032 0.291908 
0 0.134615 0.478313 0.0913462 0.166265 
0 0.277644 0.548193 0.112981 0.171084 
0 0.669471 0.53012 0.137019 0.163855 
0 0.503606 0.448193 0.137019 0.159036 
0 0.871394 0.345783 0.103365 0.137349 
1 0.250806 0.384393 0.137097 0.323699 
1 0.728226 0.306358 0.133871 0.306358 
1 0.48871 0.287572 0.129032 0.291908 
1 0.250806 0.384393 0.137097 0.323699 
1 0.728226 0.306358 0.133871 0.306358 
1 0.48871 0.287572 0.129032 0.291908 
1 0.250806 0.384393 0.137097 0.323699 
1 0.728226 0.306358 0.133871 0.306358 
1 0.48871 0.287572 0.129032 0.291908 
1 0.250806 0.384393 0.137097 0.323699 
1 0.728226 0.306358 0.133871 0.306358 
1 0.48871 0.287572 0.129032 0.291908 
1 0.250806 0.384393 0.137097 0.323699 
1 0.728226 0.306358 0.133871 0.306358 
1 0.48871 0.287572 0.129032 0.291908 
1 0.250806 0.384393 0.137097 0.323699 
1 0.728226 0.306358 0.133871 0.306358 
1 0.48871 0.287572 0.129032 0.291908 
1 0.250806 0.384393 0.137097 0.323699 
1 0.728226 0.306358 0.133871 0.306358 
1 0.48871 0.287572 0.129032 0.291908 
1 0.250806 0.384393 0.137097 0.323699 
1 0.728226 0.306358 0.133871 0.306358 
1 0.48871 0.287572 0.129032 0.291908 
1 0.250806 0.384393 0.137097 0.323699 
1 0.728226 0.306358 0.133871 0.306358 
1 0.48871 0.287572 0.129032 0.291908 
1 0.250806 0.384393 0.137097 0.323699 
1 0.728226 0.306358 0.133871 0.306358 
1 0.48871 0.287572 0.129032 0.291908 
1 0.250806 0.384393 0.137097 0.323699 
1 0.728226 0.306358 0.133871 0.306358 
1 0.48871 0.287572 0.129032 0.291908 
1 0.250806 0.384393 0.137097 0.323699 
1 0.728226 0.306358 0.133871 0.306358 
1 0.48871 0.287572 0.129032 0.291908 
1 0.250806 0.384393 0.137097 0.323699 
1 0.728226 0.306358 0.133871 0.306358 
1 0.48871 0.287572 0.129032 0.291908 
0 0.134615 0.478313 0.0913462 0.166265 
0 0.277644 0.548193 0.112981 0.171084 
0 0.669471 0.53012 0.137019 0.163855 
0 0.503606 0.448193 0.137019 0.159036 
0 0.871394 0.345783 0.103365 0.137349 
0 0.134615 0.478313 0.0913462 0.166265 
0 0.277644 0.548193 0.112981 0.171084 
0 0.669471 0.53012 0.137019 0.163855 
0 0.503606 0.448193 0.137019 0.159036 
0 0.871394 0.345783 0.103365 0.137349 
0 0.134615 0.478313 0.0913462 0.166265 
0 0.277644 0.548193 0.112981 0.171084 
0 0.669471 0.53012 0.137019 0.163855 
0 0.503606 0.448193 0.137019 0.159036 
0 0.871394 0.345783 0.103365 0.137349 
1 0.250806 0.384393 0.137097 0.323699 
1 0.728226 0.306358 0.133871 0.306358 
1 0.48871 0.287572 0.129032 0.291908 
1 0.250806 0.384393 0.137097 0.323699 
1 0.728226 0.306358 0.133871 0.306358 
1 0.48871 0.287572 0.129032 0.291908 
1 0.250806 0.384393 0.137097 0.323699 
1 0.728226 0.306358 0.133871 0.306358 
1 0.48871 0.287572 0.129032 0.291908 
1 0.250806 0.384393 0.137097 0.323699 
1 0.728226 0.306358 0.133871 0.306358 
1 0.48871 0.287572 0.129032 0.291908 
1 0.250806 0.384393 0.137097 0.323699 
1 0.728226 0.306358 0.133871 0.306358 
1 0.48871 0.287572 0.129032 0.291908 
1 0.250806 0.384393 0.137097 0.323699 
1 0.728226 0.306358 0.133871 0.306358 
1 0.48871 0.287572 0.129032 0.291908 
1 0.250806 0.384393 0.137097 0.323699 
1 0.728226 0.306358 0.133871 0.306358 
1 0.48871 0.287572 0.129032 0.291908 
1 0.250806 0.384393 0.137097 0.323699 
1 0.728226 0.306358 0.133871 0.306358 
1 0.48871 0.287572 0.129032 0.291908 
1 0.250806 0.384393 0.137097 0.323699 
1 0.728226 0.306358 0.133871 0.306358 
1 0.48871 0.287572 0.129032 0.291908 
1 0.250806 0.384393 0.137097 0.323699 
1 0.728226 0.306358 0.133871 0.306358 
1 0.48871 0.287572 0.129032 0.291908 
1 0.250806 0.384393 0.137097 0.323699 
1 0.728226 0.306358 0.133871 0.306358 
1 0.48871 0.287572 0.129032 0.291908 
1 0.250806 0.384393 0.137097 0.323699 
1 0.728226 0.306358 0.133871 0.306358 
1 0.48871 0.287572 0.129032 0.291908 
1 0.250806 0.384393 0.137097 0.323699 
1 0.728226 0.306358 0.133871 0.306358 
1 0.48871 0.287572 0.129032 0.291908 
1 0.250806 0.384393 0.137097 0.323699 
1 0.728226 0.306358 0.133871 0.306358 
1 0.48871 0.287572 0.129032 0.291908 
1 0.250806 0.384393 0.137097 0.323699 
1 0.728226 0.306358 0.133871 0.306358 
1 0.48871 0.287572 0.129032 0.291908 
1 0.250806 0.384393 0.137097 0.323699 
1 0.728226 0.306358 0.133871 0.306358 
1 0.48871 0.287572 0.129032 0.291908 
1 0.250806 0.384393 0.137097 0.323699 
1 0.728226 0.306358 0.133871 0.306358 
1 0.48871 0.287572 0.129032 0.291908 
1 0.250806 0.384393 0.137097 0.323699 
1 0.728226 0.306358 0.133871 0.306358 
1 0.48871 0.287572 0.129032 0.291908 
1 0.250806 0.384393 0.137097 0.323699 
1 0.728226 0.306358 0.133871 0.306358 
1 0.48871 0.287572 0.129032 0.291908 
1 0.250806 0.384393 0.137097 0.323699 
1 0.728226 0.306358 0.133871 0.306358 
1 0.48871 0.287572 0.129032 0.291908 
1 0.250806 0.384393 0.137097 0.323699 
1 0.728226 0.306358 0.133871 0.306358 
1 0.48871 0.287572 0.129032 0.291908 
1 0.250806 0.384393 0.137097 0.323699 
1 0.728226 0.306358 0.133871 0.306358 
1 0.48871 0.287572 0.129032 0.291908 
1 0.250806 0.384393 0.137097 0.323699 
1 0.728226 0.306358 0.133871 0.306358 
1 0.48871 0.287572 0.129032 0.291908 
1 0.250806 0.384393 0.137097 0.323699 
1 0.728226 0.306358 0.133871 0.306358 
1 0.48871 0.287572 0.129032 0.291908 
1 0.250806 0.384393 0.137097 0.323699 
1 0.728226 0.306358 0.133871 0.306358 
1 0.48871 0.287572 0.129032 0.291908 
1 0.250806 0.384393 0.137097 0.323699 
1 0.728226 0.306358 0.133871 0.306358 
1 0.48871 0.287572 0.129032 0.291908 
1 0.250806 0.384393 0.137097 0.323699 
1 0.728226 0.306358 0.133871 0.306358 
1 0.48871 0.287572 0.129032 0.291908 
1 0.250806 0.384393 0.137097 0.323699 
1 0.728226 0.306358 0.133871 0.306358 
1 0.48871 0.287572 0.129032 0.291908 
1 0.250806 0.384393 0.137097 0.323699 
1 0.728226 0.306358 0.133871 0.306358 
1 0.48871 0.287572 0.129032 0.291908 
1 0.250806 0.384393 0.137097 0.323699 
1 0.728226 0.306358 0.133871 0.306358 
1 0.48871 0.287572 0.129032 0.291908 
1 0.250806 0.384393 0.137097 0.323699 
1 0.728226 0.306358 0.133871 0.306358 
1 0.48871 0.287572 0.129032 0.291908 
1 0.250806 0.384393 0.137097 0.323699 
1 0.728226 0.306358 0.133871 0.306358 
1 0.48871 0.287572 0.129032 0.291908 
1 0.250806 0.384393 0.137097 0.323699 
1 0.728226 0.306358 0.133871 0.306358 
1 0.48871 0.287572 0.129032 0.291908 
1 0.250806 0.384393 0.137097 0.323699 
1 0.728226 0.306358 0.133871 0.306358 
1 0.48871 0.287572 0.129032 0.291908 
1 0.250806 0.384393 0.137097 0.323699 
1 0.728226 0.306358 0.133871 0.306358 
1 0.48871 0.287572 0.129032 0.291908 
1 0.250806 0.384393 0.137097 0.323699 
1 0.728226 0.306358 0.133871 0.306358 
1 0.48871 0.287572 0.129032 0.291908 
1 0.250806 0.384393 0.137097 0.323699 
1 0.728226 0.306358 0.133871 0.306358 
1 0.48871 0.287572 0.129032 0.291908 
1 0.250806 0.384393 0.137097 0.323699 
1 0.728226 0.306358 0.133871 0.306358 
1 0.48871 0.287572 0.129032 0.291908 
1 0.250806 0.384393 0.137097 0.323699 
1 0.728226 0.306358 0.133871 0.306358 
1 0.48871 0.287572 0.129032 0.291908 
1 0.250806 0.384393 0.137097 0.323699 
1 0.728226 0.306358 0.133871 0.306358 
1 0.48871 0.287572 0.129032 0.291908 
1 0.250806 0.384393 0.137097 0.323699 
1 0.728226 0.306358 0.133871 0.306358 
1 0.48871 0.287572 0.129032 0.291908 
1 0.250806 0.384393 0.137097 0.323699 
1 0.728226 0.306358 0.133871 0.306358 
1 0.48871 0.287572 0.129032 0.291908 
0 0.134615 0.478313 0.0913462 0.166265 
0 0.277644 0.548193 0.112981 0.171084 
0 0.669471 0.53012 0.137019 0.163855 
0 0.503606 0.448193 0.137019 0.159036 
0 0.871394 0.345783 0.103365 0.137349 
1 0.250806 0.384393 0.137097 0.323699 
1 0.728226 0.306358 0.133871 0.306358 
1 0.48871 0.287572 0.129032 0.291908 
1 0.250806 0.384393 0.137097 0.323699 
1 0.728226 0.306358 0.133871 0.306358 
1 0.48871 0.287572 0.129032 0.291908 
1 0.250806 0.384393 0.137097 0.323699 
1 0.728226 0.306358 0.133871 0.306358 
1 0.48871 0.287572 0.129032 0.291908 
1 0.250806 0.384393 0.137097 0.323699 
1 0.728226 0.306358 0.133871 0.306358 
1 0.48871 0.287572 0.129032 0.291908 
1 0.250806 0.384393 0.137097 0.323699 
1 0.728226 0.306358 0.133871 0.306358 
1 0.48871 0.287572 0.129032 0.291908 
1 0.250806 0.384393 0.137097 0.323699 
1 0.728226 0.306358 0.133871 0.306358 
1 0.48871 0.287572 0.129032 0.291908 
1 0.250806 0.384393 0.137097 0.323699 
1 0.728226 0.306358 0.133871 0.306358 
1 0.48871 0.287572 0.129032 0.291908 
1 0.250806 0.384393 0.137097 0.323699 
1 0.728226 0.306358 0.133871 0.306358 
1 0.48871 0.287572 0.129032 0.291908 
1 0.250806 0.384393 0.137097 0.323699 
1 0.728226 0.306358 0.133871 0.306358 
1 0.48871 0.287572 0.129032 0.291908 
1 0.250806 0.384393 0.137097 0.323699 
1 0.728226 0.306358 0.133871 0.306358 
1 0.48871 0.287572 0.129032 0.291908 
1 0.250806 0.384393 0.137097 0.323699 
1 0.728226 0.306358 0.133871 0.306358 
1 0.48871 0.287572 0.129032 0.291908 
1 0.250806 0.384393 0.137097 0.323699 
1 0.728226 0.306358 0.133871 0.306358 
1 0.48871 0.287572 0.129032 0.291908 
1 0.250806 0.384393 0.137097 0.323699 
1 0.728226 0.306358 0.133871 0.306358 
1 0.48871 0.287572 0.129032 0.291908 
1 0.250806 0.384393 0.137097 0.323699 
1 0.728226 0.306358 0.133871 0.306358 
1 0.48871 0.287572 0.129032 0.291908 
1 0.250806 0.384393 0.137097 0.323699 
1 0.728226 0.306358 0.133871 0.306358 
1 0.48871 0.287572 0.129032 0.291908 
1 0.250806 0.384393 0.137097 0.323699 
1 0.728226 0.306358 0.133871 0.306358 
1 0.48871 0.287572 0.129032 0.291908 
1 0.250806 0.384393 0.137097 0.323699 
1 0.728226 0.306358 0.133871 0.306358 
1 0.48871 0.287572 0.129032 0.291908 
1 0.250806 0.384393 0.137097 0.323699 
1 0.728226 0.306358 0.133871 0.306358 
1 0.48871 0.287572 0.129032 0.291908 
1 0.250806 0.384393 0.137097 0.323699 
1 0.728226 0.306358 0.133871 0.306358 
1 0.48871 0.287572 0.129032 0.291908 
1 0.250806 0.384393 0.137097 0.323699 
1 0.728226 0.306358 0.133871 0.306358 
1 0.48871 0.287572 0.129032 0.291908 
1 0.250806 0.384393 0.137097 0.323699 
1 0.728226 0.306358 0.133871 0.306358 
1 0.48871 0.287572 0.129032 0.291908 
1 0.250806 0.384393 0.137097 0.323699 
1 0.728226 0.306358 0.133871 0.306358 
1 0.48871 0.287572 0.129032 0.291908 
1 0.250806 0.384393 0.137097 0.323699 
1 0.728226 0.306358 0.133871 0.306358 
1 0.48871 0.287572 0.129032 0.291908 
1 0.250806 0.384393 0.137097 0.323699 
1 0.728226 0.306358 0.133871 0.306358 
1 0.48871 0.287572 0.129032 0.291908 
1 0.250806 0.384393 0.137097 0.323699 
1 0.728226 0.306358 0.133871 0.306358 
1 0.48871 0.287572 0.129032 0.291908 
1 0.250806 0.384393 0.137097 0.323699 
1 0.728226 0.306358 0.133871 0.306358 
1 0.48871 0.287572 0.129032 0.291908 
1 0.250806 0.384393 0.137097 0.323699 
1 0.728226 0.306358 0.133871 0.306358 
1 0.48871 0.287572 0.129032 0.291908 
1 0.250806 0.384393 0.137097 0.323699 
1 0.728226 0.306358 0.133871 0.306358 
1 0.48871 0.287572 0.129032 0.291908 
1 0.250806 0.384393 0.137097 0.323699 
1 0.728226 0.306358 0.133871 0.306358 
1 0.48871 0.287572 0.129032 0.291908 
1 0.250806 0.384393 0.137097 0.323699 
1 0.728226 0.306358 0.133871 0.306358 
1 0.48871 0.287572 0.129032 0.291908 
1 0.250806 0.384393 0.137097 0.323699 
1 0.728226 0.306358 0.133871 0.306358 
1 0.48871 0.287572 0.129032 0.291908 
1 0.250806 0.384393 0.137097 0.323699 
1 0.728226 0.306358 0.133871 0.306358 
1 0.48871 0.287572 0.129032 0.291908 
1 0.250806 0.384393 0.137097 0.323699 
1 0.728226 0.306358 0.133871 0.306358 
1 0.48871 0.287572 0.129032 0.291908 
1 0.250806 0.384393 0.137097 0.323699 
1 0.728226 0.306358 0.133871 0.306358 
1 0.48871 0.287572 0.129032 0.291908 
1 0.250806 0.384393 0.137097 0.323699 
1 0.728226 0.306358 0.133871 0.306358 
1 0.48871 0.287572 0.129032 0.291908 
1 0.250806 0.384393 0.137097 0.323699 
1 0.728226 0.306358 0.133871 0.306358 
1 0.48871 0.287572 0.129032 0.291908 
1 0.250806 0.384393 0.137097 0.323699 
1 0.728226 0.306358 0.133871 0.306358 
1 0.48871 0.287572 0.129032 0.291908 
0 0.598558 0.519231 0.0865385 0.110577 
0 0.38101 0.456731 0.103365 0.153846 
1 0.250806 0.384393 0.137097 0.323699 
1 0.728226 0.306358 0.133871 0.306358 
1 0.48871 0.287572 0.129032 0.291908 
1 0.250806 0.384393 0.137097 0.323699 
1 0.728226 0.306358 0.133871 0.306358 
1 0.48871 0.287572 0.129032 0.291908 
0 0.134615 0.478313 0.0913462 0.166265 
0 0.277644 0.548193 0.112981 0.171084 
0 0.669471 0.53012 0.137019 0.163855 
0 0.503606 0.448193 0.137019 0.159036 
0 0.871394 0.345783 0.103365 0.137349 
1 0.250806 0.384393 0.137097 0.323699 
1 0.728226 0.306358 0.133871 0.306358 
1 0.48871 0.287572 0.129032 0.291908 
1 0.250806 0.384393 0.137097 0.323699 
1 0.728226 0.306358 0.133871 0.306358 
1 0.48871 0.287572 0.129032 0.291908 
0 0.134615 0.478313 0.0913462 0.166265 
0 0.277644 0.548193 0.112981 0.171084 
0 0.669471 0.53012 0.137019 0.163855 
0 0.503606 0.448193 0.137019 0.159036 
0 0.871394 0.345783 0.103365 0.137349 
1 0.250806 0.384393 0.137097 0.323699 
1 0.728226 0.306358 0.133871 0.306358 
1 0.48871 0.287572 0.129032 0.291908 
1 0.250806 0.384393 0.137097 0.323699 
1 0.728226 0.306358 0.133871 0.306358 
1 0.48871 0.287572 0.129032 0.291908 
1 0.250806 0.384393 0.137097 0.323699 
1 0.728226 0.306358 0.133871 0.306358 
1 0.48871 0.287572 0.129032 0.291908 
1 0.250806 0.384393 0.137097 0.323699 
1 0.728226 0.306358 0.133871 0.306358 
1 0.48871 0.287572 0.129032 0.291908 
1 0.250806 0.384393 0.137097 0.323699 
1 0.728226 0.306358 0.133871 0.306358 
1 0.48871 0.287572 0.129032 0.291908 
1 0.250806 0.384393 0.137097 0.323699 
1 0.728226 0.306358 0.133871 0.306358 
1 0.48871 0.287572 0.129032 0.291908 
1 0.250806 0.384393 0.137097 0.323699 
1 0.728226 0.306358 0.133871 0.306358 
1 0.48871 0.287572 0.129032 0.291908 
0 0.134615 0.478313 0.0913462 0.166265 
0 0.277644 0.548193 0.112981 0.171084 
0 0.669471 0.53012 0.137019 0.163855 
0 0.503606 0.448193 0.137019 0.159036 
0 0.871394 0.345783 0.103365 0.137349 
1 0.250806 0.384393 0.137097 0.323699 
1 0.728226 0.306358 0.133871 0.306358 
1 0.48871 0.287572 0.129032 0.291908 
1 0.250806 0.384393 0.137097 0.323699 
1 0.728226 0.306358 0.133871 0.306358 
1 0.48871 0.287572 0.129032 0.291908 
1 0.250806 0.384393 0.137097 0.323699 
1 0.728226 0.306358 0.133871 0.306358 
1 0.48871 0.287572 0.129032 0.291908 
1 0.250806 0.384393 0.137097 0.323699 
1 0.728226 0.306358 0.133871 0.306358 
1 0.48871 0.287572 0.129032 0.291908 
1 0.250806 0.384393 0.137097 0.323699 
1 0.728226 0.306358 0.133871 0.306358 
1 0.48871 0.287572 0.129032 0.291908 
1 0.250806 0.384393 0.137097 0.323699 
1 0.728226 0.306358 0.133871 0.306358 
1 0.48871 0.287572 0.129032 0.291908 
1 0.250806 0.384393 0.137097 0.323699 
1 0.728226 0.306358 0.133871 0.306358 
1 0.48871 0.287572 0.129032 0.291908 
1 0.250806 0.384393 0.137097 0.323699 
1 0.728226 0.306358 0.133871 0.306358 
1 0.48871 0.287572 0.129032 0.291908 
1 0.250806 0.384393 0.137097 0.323699 
1 0.728226 0.306358 0.133871 0.306358 
1 0.48871 0.287572 0.129032 0.291908 
1 0.250806 0.384393 0.137097 0.323699 
1 0.728226 0.306358 0.133871 0.306358 
1 0.48871 0.287572 0.129032 0.291908 
1 0.250806 0.384393 0.137097 0.323699 
1 0.728226 0.306358 0.133871 0.306358 
1 0.48871 0.287572 0.129032 0.291908 
1 0.34976 0.281928 0.0600962 0.0819277 
0 0.947115 0.224096 0.0817308 0.0915663 
0 0.252404 0.313253 0.0865385 0.125301 
0 0.157452 0.473494 0.146635 0.171084 
0 0.810096 0.431325 0.201923 0.284337 
0 0.417067 0.389157 0.127404 0.175904 
1 0.434 0.438889 0.036 0.0555556 
1 0.58 0.422222 0.048 0.0777778 
0 0.162 0.313889 0.18 0.327778 
0 0.882 0.302778 0.164 0.294444 
1 0.250806 0.384393 0.137097 0.323699 
1 0.728226 0.306358 0.133871 0.306358 
1 0.48871 0.287572 0.129032 0.291908 
0 0.1295 0.613024 0.259 0.531437 
0 0.168 0.438889 0.192 0.4 
0 0.348 0.497222 0.112 0.172222 
0 0.78 0.402778 0.256 0.472222 
0 0.624512 0.41142 0.174805 0.204978 
0 0.371094 0.576867 0.15625 0.213763 
0 0.452148 0.32284 0.132812 0.20937 
0 0.563965 0.687409 0.133789 0.250366 
0 0.344 0.591667 0.08 0.15 
0 0.754 0.241667 0.124 0.238889 
0 0.6385 0.466216 0.347 0.644144 
0 0.168 0.438889 0.192 0.4 
0 0.348 0.497222 0.112 0.172222 
0 0.78 0.402778 0.256 0.472222 
0 0.134615 0.478313 0.0913462 0.166265 
0 0.277644 0.548193 0.112981 0.171084 
0 0.669471 0.53012 0.137019 0.163855 
0 0.503606 0.448193 0.137019 0.159036 
0 0.871394 0.345783 0.103365 0.137349 
1 0.34976 0.281928 0.0600962 0.0819277 
0 0.947115 0.224096 0.0817308 0.0915663 
0 0.252404 0.313253 0.0865385 0.125301 
0 0.157452 0.473494 0.146635 0.171084 
0 0.810096 0.431325 0.201923 0.284337 
0 0.417067 0.389157 0.127404 0.175904 
0 0.240385 0.40625 0.115385 0.153846 
0 0.692308 0.370192 0.129808 0.158654 
0 0.344 0.591667 0.08 0.15 
0 0.754 0.241667 0.124 0.238889 
0 0.624512 0.41142 0.174805 0.204978 
0 0.371094 0.576867 0.15625 0.213763 
0 0.452148 0.32284 0.132812 0.20937 
0 0.563965 0.687409 0.133789 0.250366 
0 0.627778 0.4 0.17619 0.24 
0 0.453968 0.3 0.133333 0.234286 
0 0.370635 0.595714 0.166667 0.26 
0 0.561905 0.711429 0.133333 0.291429 
0 0.628571 0.4 0.177778 0.24 
0 0.453968 0.298571 0.133333 0.231429 
0 0.372222 0.598571 0.166667 0.265714 
0 0.561905 0.711429 0.133333 0.291429 
0 0.628571 0.4 0.177778 0.24 
0 0.453968 0.298571 0.133333 0.231429 
0 0.372222 0.598571 0.166667 0.265714 
0 0.561905 0.711429 0.133333 0.291429 
0 0.628571 0.4 0.177778 0.24 
0 0.453968 0.298571 0.133333 0.231429 
0 0.372222 0.598571 0.166667 0.265714 
0 0.561905 0.711429 0.133333 0.291429 
0 0.628571 0.4 0.177778 0.24 
0 0.453968 0.298571 0.133333 0.231429 
0 0.372222 0.598571 0.166667 0.265714 
0 0.561905 0.711429 0.133333 0.291429 
0 0.628571 0.4 0.177778 0.24 
0 0.453968 0.298571 0.133333 0.231429 
0 0.372222 0.598571 0.166667 0.265714 
0 0.561905 0.711429 0.133333 0.291429 
0 0.628571 0.4 0.177778 0.24 
0 0.453968 0.298571 0.133333 0.231429 
0 0.372222 0.597143 0.166667 0.262857 
0 0.561905 0.711429 0.133333 0.291429 
0 0.628571 0.4 0.177778 0.24 
0 0.453968 0.298571 0.133333 0.231429 
0 0.372222 0.598571 0.166667 0.265714 
0 0.561905 0.711429 0.133333 0.291429 
0 0.628571 0.4 0.177778 0.24 
0 0.453968 0.298571 0.133333 0.231429 
0 0.372222 0.598571 0.166667 0.265714 
0 0.561905 0.711429 0.133333 0.291429 
0 0.628571 0.4 0.177778 0.24 
0 0.453968 0.298571 0.133333 0.231429 
0 0.372222 0.598571 0.166667 0.265714 
0 0.561905 0.711429 0.133333 0.291429 
0 0.628571 0.4 0.177778 0.24 
0 0.453968 0.298571 0.133333 0.231429 
0 0.372222 0.598571 0.166667 0.265714 
0 0.561905 0.711429 0.133333 0.291429 
0 0.628571 0.4 0.177778 0.24 
0 0.453968 0.298571 0.133333 0.231429 
0 0.372222 0.598571 0.166667 0.265714 
0 0.561905 0.711429 0.133333 0.291429 
0 0.254808 0.36506 0.0240385 0.0313253 
0 0.135817 0.368675 0.03125 0.0385542 
1 0.0576923 0.372289 0.0240385 0.0313253 
1 0.495192 0.356627 0.0192308 0.0240964 
1 0.450721 0.333735 0.0168269 0.0216867 
1 0.727163 0.366265 0.0360577 0.053012 
0 0.331731 0.348193 0.0432692 0.0554217 
0 0.865385 0.246988 0.0769231 0.103614 
0 0.675481 0.345783 0.0336538 0.0457831 
0 0.581731 0.328916 0.0384615 0.0506024 
0 0.628571 0.4 0.177778 0.24 
0 0.453968 0.298571 0.133333 0.231429 
0 0.372222 0.598571 0.166667 0.265714 
0 0.561905 0.711429 0.133333 0.291429 
1 0.534773 0.363281 0.133968 0.276042 
0 0.628571 0.4 0.177778 0.24 
0 0.453968 0.298571 0.133333 0.231429 
0 0.372222 0.598571 0.166667 0.265714 
0 0.561905 0.711429 0.133333 0.291429 
0 0.628571 0.4 0.177778 0.24 
0 0.453968 0.298571 0.133333 0.231429 
0 0.372222 0.598571 0.166667 0.265714 
0 0.561905 0.711429 0.133333 0.291429 
0 0.628571 0.4 0.177778 0.24 
0 0.453968 0.298571 0.133333 0.231429 
0 0.372222 0.598571 0.166667 0.265714 
0 0.561905 0.711429 0.133333 0.291429 
0 0.628571 0.4 0.177778 0.24 
0 0.453968 0.298571 0.133333 0.231429 
0 0.372222 0.598571 0.166667 0.265714 
0 0.561905 0.711429 0.133333 0.291429 
0 0.628571 0.4 0.177778 0.24 
0 0.453968 0.298571 0.133333 0.231429 
0 0.372222 0.598571 0.166667 0.265714 
0 0.561905 0.711429 0.133333 0.291429 
0 0.628571 0.4 0.177778 0.24 
0 0.453968 0.298571 0.133333 0.231429 
0 0.372222 0.598571 0.166667 0.265714 
0 0.561905 0.711429 0.133333 0.291429 
0 0.628571 0.4 0.177778 0.24 
0 0.453968 0.298571 0.133333 0.231429 
0 0.372222 0.598571 0.166667 0.265714 
0 0.561905 0.711429 0.133333 0.291429 
0 0.628571 0.4 0.177778 0.24 
0 0.453968 0.298571 0.133333 0.231429 
0 0.372222 0.598571 0.166667 0.265714 
0 0.561905 0.711429 0.133333 0.291429 
0 0.628571 0.4 0.177778 0.24 
0 0.453968 0.298571 0.133333 0.231429 
0 0.372222 0.598571 0.166667 0.265714 
0 0.561905 0.711429 0.133333 0.291429 
0 0.628571 0.4 0.177778 0.24 
0 0.453968 0.298571 0.133333 0.231429 
0 0.372222 0.598571 0.166667 0.265714 
0 0.561905 0.711429 0.133333 0.291429 
0 0.628571 0.4 0.177778 0.24 
0 0.453968 0.298571 0.133333 0.231429 
0 0.372222 0.598571 0.166667 0.265714 
0 0.561905 0.711429 0.133333 0.291429 
0 0.628571 0.4 0.177778 0.24 
0 0.453968 0.298571 0.133333 0.231429 
0 0.372222 0.598571 0.166667 0.265714 
0 0.561905 0.711429 0.133333 0.291429 
0 0.628571 0.4 0.177778 0.24 
0 0.453968 0.298571 0.133333 0.231429 
0 0.372222 0.598571 0.166667 0.265714 
0 0.561905 0.711429 0.133333 0.291429 
0 0.628571 0.4 0.177778 0.24 
0 0.453968 0.298571 0.133333 0.231429 
0 0.372222 0.598571 0.166667 0.265714 
0 0.561905 0.711429 0.133333 0.291429 
0 0.628571 0.4 0.177778 0.24 
0 0.453968 0.298571 0.133333 0.231429 
0 0.372222 0.598571 0.166667 0.265714 
0 0.561905 0.711429 0.133333 0.291429 
0 0.628571 0.4 0.177778 0.24 
0 0.453968 0.298571 0.133333 0.231429 
0 0.372222 0.598571 0.166667 0.265714 
0 0.561905 0.711429 0.133333 0.291429 
0 0.628571 0.4 0.177778 0.24 
0 0.453968 0.298571 0.133333 0.231429 
0 0.372222 0.598571 0.166667 0.265714 
0 0.561905 0.711429 0.133333 0.291429 
0 0.628571 0.4 0.177778 0.24 
0 0.453968 0.298571 0.133333 0.231429 
0 0.372222 0.598571 0.166667 0.265714 
0 0.561905 0.711429 0.133333 0.291429 
0 0.628571 0.4 0.177778 0.24 
0 0.453968 0.298571 0.133333 0.231429 
0 0.372222 0.598571 0.166667 0.265714 
0 0.561905 0.711429 0.133333 0.291429 
0 0.628571 0.4 0.177778 0.24 
0 0.453968 0.298571 0.133333 0.231429 
0 0.372222 0.598571 0.166667 0.265714 
0 0.561905 0.711429 0.133333 0.291429 
0 0.628571 0.4 0.177778 0.24 
0 0.453968 0.298571 0.133333 0.231429 
0 0.372222 0.598571 0.166667 0.265714 
0 0.561905 0.711429 0.133333 0.291429 
0 0.628571 0.4 0.177778 0.24 
0 0.453968 0.298571 0.133333 0.231429 
0 0.372222 0.598571 0.166667 0.265714 
0 0.561905 0.711429 0.133333 0.291429 
0 0.134615 0.478313 0.0913462 0.166265 
0 0.277644 0.548193 0.112981 0.171084 
0 0.669471 0.53012 0.137019 0.163855 
0 0.503606 0.448193 0.137019 0.159036 
0 0.871394 0.345783 0.103365 0.137349 
0 0.134615 0.478313 0.0913462 0.166265 
0 0.277644 0.548193 0.112981 0.171084 
0 0.669471 0.53012 0.137019 0.163855 
0 0.503606 0.448193 0.137019 0.159036 
0 0.871394 0.345783 0.103365 0.137349 
0 0.628571 0.4 0.177778 0.24 
0 0.453968 0.298571 0.133333 0.231429 
0 0.372222 0.598571 0.166667 0.265714 
0 0.561905 0.711429 0.133333 0.291429 
0 0.628571 0.4 0.177778 0.24 
0 0.453968 0.298571 0.133333 0.231429 
0 0.372222 0.598571 0.166667 0.265714 
0 0.561905 0.711429 0.133333 0.291429 
0 0.372222 0.597143 0.169841 0.285714 
0 0.453175 0.304286 0.125397 0.225714 
0 0.564286 0.708571 0.128571 0.297143 
0 0.372222 0.597143 0.169841 0.285714 
0 0.453175 0.304286 0.125397 0.225714 
0 0.564286 0.708571 0.128571 0.297143 
0 0.372222 0.597143 0.169841 0.285714 
0 0.453175 0.304286 0.125397 0.225714 
0 0.564286 0.708571 0.128571 0.297143 
