     0/299    0.849G    0.1026   0.09368   0.02184    0.2181        23       640   0.09745    0.1725   0.04956  0.009921   0.07786   0.06723   0.02172
     1/299      5.3G   0.08381   0.08353   0.01644    0.1838        37       640     0.338    0.3638    0.2443   0.07755    0.0721   0.05194   0.01372
     2/299     13.7G   0.07541   0.07226   0.01163    0.1593        29       640    0.5041    0.5338    0.4618    0.1788   0.05421   0.04739   0.01466
     3/299     13.7G   0.06993   0.06899  0.009572    0.1485        28       640    0.6006    0.6573    0.6172    0.2498   0.04884   0.04191   0.01088
     4/299     13.7G   0.06381   0.06754  0.008121    0.1395        19       640    0.7841     0.687    0.7504    0.3297   0.04497    0.0425   0.00902
     5/299     13.7G   0.05905   0.06539  0.007368    0.1318        20       640    0.8111    0.7825    0.8341    0.4118   0.03923   0.03809  0.009139
     6/299     13.7G   0.05524   0.06445  0.006718    0.1264        36       640    0.8683    0.8348    0.8845    0.4955   0.03523   0.03415  0.006793
     7/299     13.7G   0.05162   0.05942  0.005882    0.1169        23       640    0.8554    0.8113     0.878    0.5013   0.03411   0.03416  0.008907
     8/299     13.7G   0.05076   0.05995  0.005677    0.1164        23       640    0.8844    0.8326    0.8948    0.5175   0.03423   0.03358  0.007708
     9/299     13.7G   0.04984   0.05892  0.005522    0.1143        16       640    0.8778    0.8458    0.9019     0.524   0.03304   0.03239  0.007676
    10/299     13.7G   0.04816    0.0583  0.005221    0.1117        28       640    0.8967    0.8526    0.9028    0.5267   0.03262   0.03287  0.007086
    11/299     13.7G   0.04761   0.05779  0.005103    0.1105        28       640    0.9119    0.8572      0.91    0.5408   0.03184   0.03379  0.006325
    12/299     13.7G   0.04644   0.05567   0.00486     0.107        20       640    0.9092    0.8424     0.907    0.5394   0.03182    0.0333   0.00678
    13/299     13.7G   0.04615   0.05571  0.004835    0.1067        27       640    0.9064    0.8872    0.9274    0.5695   0.03095   0.03104  0.005898
    14/299     13.7G   0.04463   0.05433  0.004648    0.1036        72       640    0.8991    0.8848    0.9203     0.558   0.03098   0.03153  0.006703
    15/299     13.7G   0.04587   0.05594  0.004859    0.1067        20       640    0.9113    0.8872    0.9242    0.5663   0.03042   0.03114  0.005885
    16/299     13.7G   0.04518   0.05558  0.004471    0.1052        23       640    0.9053     0.895     0.928    0.5719   0.03023   0.03138   0.00566
    17/299     13.7G   0.04417    0.0538   0.00452    0.1025        30       640    0.9178    0.8897     0.926    0.5776   0.02935   0.03198  0.005437
    18/299     13.7G   0.04403   0.05403  0.004302    0.1024        72       640    0.9228    0.9026     0.931    0.5849   0.02898   0.03092   0.00549
    19/299     13.7G   0.04351   0.05423  0.003868    0.1016        21       640    0.9214     0.904     0.933    0.5849   0.02906   0.03013  0.005926
    20/299     13.7G   0.04319    0.0538  0.003781    0.1008        23       640    0.9224    0.9011    0.9384    0.5902   0.02887   0.03007  0.005542
    21/299     13.7G   0.04191     0.052  0.003964   0.09787        23       640    0.9051    0.9078     0.927     0.582   0.02904   0.03081  0.005719
    22/299     13.7G   0.04259   0.05316  0.004026   0.09978        42       640    0.9244    0.8997    0.9369     0.598   0.02869   0.03019  0.005453
    23/299     13.7G   0.04178   0.05288  0.004144   0.09881        67       640    0.9187     0.898    0.9301    0.5911   0.02852    0.0304  0.006139
    24/299     13.7G   0.04188   0.05264   0.00405   0.09857        14       640    0.9213    0.9072    0.9378    0.5975   0.02823   0.02951   0.00522
    25/299     13.7G   0.04112   0.05176  0.003708   0.09658        21       640    0.9321    0.8978    0.9409     0.604   0.02832   0.02976  0.005349
    26/299     13.7G    0.0412   0.05179  0.003622   0.09662        22       640    0.9262    0.8988    0.9361    0.5948   0.02812   0.03012   0.00559
    27/299     13.7G   0.04139   0.05178  0.003491   0.09666        18       640    0.9158    0.9161    0.9414    0.6061   0.02774   0.02914  0.005127
    28/299     13.7G    0.0405   0.05022  0.003432   0.09415        17       640    0.9206    0.9168    0.9368    0.6048    0.0279   0.03019  0.005579
    29/299     13.7G   0.04027   0.05046  0.003768   0.09451        24       640    0.9158    0.9236    0.9448     0.613   0.02754   0.02953  0.005577
    30/299     13.7G   0.03998   0.05052  0.003554   0.09405        39       640    0.9235    0.9178    0.9385    0.6063   0.02766   0.03002  0.005495
    31/299     13.7G   0.04125   0.05069  0.003451    0.0954        19       640    0.9303    0.9039    0.9407    0.6071   0.02725   0.02899  0.005079
    32/299     13.7G   0.03924   0.05038  0.003542   0.09315        19       640    0.9239    0.9046     0.935    0.5994   0.02768   0.02963  0.005945
    33/299     13.7G   0.04022    0.0499  0.003212   0.09333        22       640    0.9251    0.9102     0.936     0.608   0.02727   0.02958  0.005434
    34/299     13.7G   0.03992   0.05073  0.003362   0.09402        36       640     0.935    0.9083    0.9422    0.6201   0.02732   0.02953  0.005564
    35/299     13.7G   0.04011   0.05076  0.003334    0.0942        31       640    0.9251    0.9107    0.9418    0.6111   0.02701   0.02934  0.005657
    36/299     13.7G   0.03974   0.05022  0.003275   0.09324        23       640     0.933     0.904    0.9436    0.6146   0.02729   0.02984  0.005706
    37/299     13.7G   0.03984   0.05042  0.003425   0.09368        40       640    0.9228    0.9131    0.9419    0.6098   0.02736   0.02979  0.005429
    38/299     13.7G   0.03999   0.05007  0.003072   0.09313        27       640    0.9294    0.9164    0.9466    0.6197   0.02701   0.02893  0.005322
    39/299     13.7G   0.03887    0.0493  0.003052   0.09122        23       640    0.9304    0.9139    0.9416     0.613   0.02699   0.02938  0.005535
    40/299     13.7G   0.03871   0.04949  0.003061   0.09125        14       640    0.9309    0.9075    0.9419    0.6133   0.02707   0.02917  0.005527
    41/299     13.7G   0.03903   0.04958  0.003174   0.09178        21       640    0.9228    0.9179    0.9434    0.6172   0.02691   0.02902   0.00561
    42/299     13.7G   0.03886   0.04907  0.003149   0.09108        21       640    0.9282    0.9156    0.9447    0.6174   0.02664   0.02911  0.005414
    43/299     13.7G   0.03856   0.04824  0.003144   0.08994        20       640    0.9267    0.9169    0.9415    0.6223   0.02674   0.02886  0.005585
    44/299     13.7G   0.03884   0.04898  0.002957   0.09078        26       640    0.9349    0.9126    0.9449    0.6256   0.02659   0.02902  0.005366
    45/299     13.7G    0.0387   0.04915  0.002949    0.0908        37       640    0.9311    0.9187     0.945    0.6169   0.02671   0.02952  0.005196
    46/299     13.7G   0.03802   0.04915  0.002909   0.09007        41       640     0.918    0.9239    0.9472    0.6225   0.02645   0.02878  0.005217
    47/299     13.7G   0.03866   0.04809  0.002953    0.0897        40       640    0.9354    0.9082    0.9376    0.6116   0.02661    0.0292  0.005693
    48/299     13.7G   0.03871   0.04861    0.0028   0.09013        29       640    0.9281    0.9186    0.9454    0.6236    0.0263   0.02879  0.005373
    49/299     13.7G   0.03771   0.04794  0.002901   0.08856        21       640    0.9317     0.919    0.9453    0.6199   0.02652   0.02903  0.005156
    50/299     13.7G    0.0379   0.04853  0.002825   0.08926        19       640    0.9406    0.9132    0.9463    0.6251   0.02646   0.02885  0.005371
    51/299     13.7G   0.03805   0.04851  0.002855   0.08941        14       640    0.9325    0.9201    0.9437    0.6255   0.02632   0.02895  0.005277
    52/299     13.7G   0.03835   0.04891  0.002808   0.09007        19       640    0.9233    0.9263    0.9481    0.6264   0.02619   0.02882  0.005365
    53/299     13.7G   0.03817   0.04831  0.002927    0.0894        27       640    0.9314    0.9202    0.9457    0.6269   0.02614   0.02888  0.005281
    54/299     13.7G   0.03803   0.04838  0.002758   0.08917        71       640    0.9302    0.9155     0.943    0.6219   0.02626   0.02882  0.005575
    55/299     13.7G    0.0379   0.04794  0.002875   0.08872        24       640    0.9418    0.9105    0.9473    0.6294   0.02614   0.02901  0.005117
    56/299     13.7G   0.03751   0.04889  0.002872   0.08927        46       640    0.9303    0.9179    0.9457     0.626   0.02605   0.02905  0.005363
    57/299     13.7G   0.03811   0.04796  0.002848   0.08892        51       640    0.9263    0.9207    0.9429    0.6222    0.0263    0.0288  0.005524
    58/299     13.7G   0.03772   0.04811  0.002667    0.0885        17       640    0.9222     0.926    0.9458    0.6286   0.02599   0.02878  0.005318
    59/299     13.7G   0.03748   0.04877  0.002662   0.08891        43       640    0.9212    0.9274    0.9454    0.6235   0.02618   0.02908  0.005683
    60/299     13.7G   0.03715     0.047  0.002627   0.08678        20       640    0.9364    0.9169    0.9452    0.6303   0.02599   0.02854  0.005557
    61/299     13.7G   0.03666   0.04592  0.002686   0.08527        18       640    0.9325    0.9209    0.9488    0.6327   0.02595   0.02864  0.005405
    62/299     13.7G   0.03757   0.04677  0.002648   0.08699        26       640    0.9323      0.92    0.9476    0.6301   0.02594   0.02859  0.005251
    63/299     13.7G   0.03732   0.04744  0.002699   0.08746        22       640    0.9313     0.927    0.9475    0.6327   0.02585   0.02866  0.005317
    64/299     13.7G   0.03718   0.04637  0.002665   0.08621        23       640    0.9303    0.9231    0.9464    0.6286   0.02598   0.02864  0.005578
    65/299     13.7G   0.03696    0.0478  0.002615   0.08737        30       640    0.9327    0.9211    0.9457    0.6305   0.02591   0.02839  0.005397
    66/299     13.7G    0.0371   0.04719   0.00242   0.08671        25       640    0.9262    0.9265    0.9462    0.6289   0.02582   0.02864  0.005468
    67/299     13.7G   0.03716   0.04668  0.002519   0.08636        51       640    0.9334    0.9204    0.9478    0.6311   0.02593   0.02866  0.005254
    68/299     13.7G   0.03597   0.04733  0.002426   0.08573        29       640     0.924    0.9336    0.9465    0.6366   0.02561   0.02839  0.005381
    69/299     13.7G   0.03766   0.04704  0.002452   0.08715        29       640    0.9336    0.9214    0.9461    0.6321   0.02574   0.02878  0.005404
    70/299     13.7G   0.03573    0.0473  0.002499   0.08553        31       640    0.9358    0.9215    0.9471    0.6334    0.0257   0.02853  0.005306
    71/299     13.7G   0.03697    0.0465  0.002426    0.0859        18       640    0.9286     0.927    0.9491    0.6336   0.02574   0.02863  0.005228
    72/299     13.7G   0.03662   0.04689  0.002366   0.08588        51       640    0.9356     0.916    0.9467    0.6341   0.02575   0.02846  0.005521
    73/299     13.7G   0.03631   0.04528  0.002461   0.08405        28       640    0.9266    0.9292    0.9489    0.6343   0.02562   0.02851  0.005399
    74/299     13.7G   0.03565   0.04606  0.002348   0.08406        34       640    0.9302    0.9225    0.9496    0.6383   0.02563   0.02846  0.005563
    75/299     13.7G   0.03634   0.04666   0.00245   0.08545        16       640    0.9306    0.9269    0.9473     0.636   0.02561   0.02853   0.00552
    76/299     13.7G   0.03629   0.04642  0.002382   0.08509        27       640    0.9279    0.9251    0.9492    0.6352   0.02556   0.02853  0.005266
    77/299     13.7G   0.03549   0.04654  0.002348   0.08438        41       640    0.9337    0.9195    0.9491     0.638   0.02564   0.02861  0.005408
    78/299     13.7G   0.03599   0.04629  0.002444   0.08473        34       640    0.9417     0.915    0.9475    0.6343   0.02554   0.02831  0.005255
    79/299     13.7G   0.03654   0.04795   0.00223   0.08672        24       640    0.9327    0.9256    0.9463    0.6338   0.02549   0.02858  0.005465
    80/299     13.7G   0.03597   0.04645  0.002501   0.08492        32       640    0.9401    0.9146    0.9489    0.6359    0.0255   0.02865  0.005477
    81/299     13.7G   0.03576   0.04579  0.002336   0.08389        18       640    0.9329    0.9246    0.9496    0.6395   0.02545   0.02834  0.005438
    82/299     13.7G   0.03571   0.04677  0.002467   0.08494        32       640    0.9291    0.9273    0.9484    0.6352    0.0255    0.0284  0.005562
    83/299     13.7G   0.03597   0.04543  0.002268   0.08367        26       640    0.9279    0.9249    0.9468    0.6375   0.02539   0.02831  0.005583
    84/299     13.7G   0.03569   0.04625  0.002216   0.08416        30       640    0.9344    0.9204    0.9478    0.6394   0.02539   0.02828  0.005578
    85/299     13.7G   0.03706   0.04649  0.002352   0.08591        29       640    0.9306    0.9197    0.9469    0.6364    0.0254   0.02836  0.005594
    86/299     13.7G   0.03501   0.04538  0.002267   0.08266        23       640    0.9259    0.9264    0.9472     0.635   0.02539   0.02853  0.005582
    87/299     13.7G   0.03513   0.04601  0.002152    0.0833        20       640     0.927    0.9254    0.9469     0.638   0.02539   0.02843  0.005683
    88/299     13.7G   0.03567   0.04524  0.002225   0.08314        19       640    0.9378    0.9186    0.9483    0.6372   0.02538   0.02859  0.005597
    89/299     13.7G   0.03568   0.04586  0.002317   0.08386        34       640    0.9296    0.9292    0.9478    0.6363   0.02539   0.02846  0.005469
    90/299     13.7G   0.03536   0.04653   0.00222   0.08411        14       640    0.9316    0.9284    0.9471    0.6349   0.02548   0.02854  0.005384
    91/299     13.7G   0.03499   0.04512   0.00231   0.08242        19       640    0.9352    0.9237    0.9471    0.6374   0.02535   0.02844  0.005539
    92/299     13.7G   0.03496   0.04565  0.002198   0.08281        22       640    0.9348     0.925     0.949    0.6374   0.02531   0.02852  0.005518
    93/299     13.7G   0.03525   0.04501  0.002197   0.08245        34       640    0.9337    0.9292    0.9488    0.6368   0.02525    0.0284  0.005541
    94/299     13.7G    0.0349   0.04661  0.002095   0.08361        40       640    0.9246    0.9341    0.9485    0.6382   0.02524   0.02848   0.00542
    95/299     13.7G   0.03517   0.04474  0.002447   0.08236        26       640    0.9247    0.9329    0.9476    0.6375   0.02529   0.02837  0.005526
    96/299     13.7G   0.03542   0.04514  0.002202   0.08276        30       640     0.934    0.9238    0.9484    0.6374   0.02528   0.02848  0.005561
    97/299     13.7G   0.03594   0.04502  0.002216   0.08318        32       640    0.9326    0.9262    0.9481    0.6389   0.02521   0.02841  0.005439
    98/299     13.7G   0.03527   0.04626  0.002077   0.08361        23       640    0.9342    0.9246    0.9474    0.6369   0.02522   0.02842   0.00559
    99/299     13.7G   0.03521    0.0454  0.001973   0.08259        28       640    0.9232    0.9324    0.9487    0.6389   0.02525   0.02855  0.005549
   100/299     13.7G   0.03464    0.0437  0.002275   0.08062        35       640    0.9305    0.9233    0.9479    0.6395    0.0252   0.02847  0.005491
   101/299     13.7G   0.03452   0.04521  0.002105   0.08183        19       640    0.9336    0.9206     0.948    0.6378   0.02522   0.02853  0.005503
   102/299     13.7G   0.03402   0.04411  0.002134   0.08026        30       640    0.9379    0.9182    0.9475    0.6355    0.0252   0.02848  0.005595
   103/299     13.7G   0.03512   0.04465  0.002112   0.08188        31       640    0.9349    0.9192    0.9472    0.6397    0.0252   0.02851  0.005666
   104/299     13.7G   0.03438   0.04452   0.00208   0.08098        19       640     0.929    0.9275    0.9486    0.6402   0.02517   0.02838  0.005637
   105/299     13.7G   0.03464   0.04432  0.001846    0.0808        28       640    0.9317    0.9249    0.9482    0.6397   0.02526   0.02841  0.005651
   106/299     13.7G   0.03481    0.0447    0.0021   0.08161        21       640    0.9265    0.9325    0.9485    0.6389   0.02528   0.02845  0.005587
   107/299     13.7G   0.03415   0.04425  0.002055   0.08045        17       640    0.9249    0.9348    0.9485    0.6394   0.02521   0.02848  0.005583
   108/299     13.7G   0.03487   0.04532  0.002118    0.0823        17       640    0.9254    0.9335    0.9496    0.6414   0.02518   0.02852  0.005558
   109/299     13.7G   0.03443   0.04394  0.002046   0.08041        27       640    0.9267    0.9318    0.9502    0.6414   0.02515   0.02852  0.005479
   110/299     13.7G   0.03429   0.04409  0.001926    0.0803        33       640    0.9248     0.934    0.9493    0.6409   0.02515   0.02856  0.005475
   111/299     13.7G   0.03446    0.0447  0.001949    0.0811        20       640    0.9325    0.9273     0.949    0.6419   0.02513   0.02855  0.005494
   112/299     13.7G   0.03476   0.04458  0.001912   0.08125        38       640    0.9321    0.9275    0.9494    0.6402   0.02514   0.02858  0.005522
   113/299     13.7G   0.03446   0.04496  0.001914   0.08133        17       640     0.931    0.9303    0.9499    0.6401    0.0251   0.02862  0.005465
   114/299     13.7G   0.03407   0.04428  0.001954   0.08031        22       640    0.9306    0.9316    0.9505    0.6411   0.02507   0.02861  0.005436
   115/299     13.7G   0.03424   0.04511  0.001996   0.08134        21       640    0.9287    0.9334    0.9517     0.642   0.02506    0.0286  0.005357
   116/299     13.7G   0.03412   0.04366  0.001911    0.0797        31       640    0.9264     0.937    0.9514     0.641   0.02505   0.02856  0.005332
   117/299     13.7G   0.03459   0.04478  0.001837   0.08121        22       640    0.9271    0.9358    0.9514    0.6417   0.02505   0.02853  0.005434
   118/299     13.7G   0.03374   0.04387  0.001927   0.07954        23       640    0.9238     0.937    0.9504    0.6418   0.02508   0.02852  0.005413
   119/299     13.7G   0.03424   0.04454  0.001885   0.08066        16       640    0.9254    0.9358      0.95    0.6414   0.02507   0.02851  0.005446
   120/299     13.7G   0.03434   0.04382  0.001924   0.08009        19       640    0.9307    0.9302    0.9504    0.6428   0.02505   0.02856  0.005504
   121/299     13.7G   0.03427   0.04412   0.00189   0.08028        36       640    0.9252    0.9363    0.9509    0.6432   0.02504   0.02854  0.005542
   122/299     13.7G   0.03388   0.04388  0.001912   0.07967        26       640    0.9328    0.9277    0.9508    0.6422   0.02505   0.02853  0.005527
   123/299     13.7G   0.03391     0.044  0.001704   0.07961        34       640     0.931    0.9314    0.9509    0.6426   0.02505   0.02854  0.005512
   124/299     13.7G   0.03377   0.04452  0.001996   0.08028        48       640    0.9284    0.9342    0.9512    0.6431   0.02506   0.02854  0.005476
   125/299     13.7G   0.03421   0.04378  0.001945   0.07993        28       640    0.9267    0.9342    0.9505    0.6427   0.02506   0.02853  0.005498
   126/299     13.7G   0.03397   0.04297  0.001946   0.07888        26       640     0.929    0.9334    0.9502    0.6428   0.02504   0.02851  0.005524
   127/299     13.7G   0.03379     0.044  0.001846   0.07963        20       640    0.9295    0.9339    0.9501    0.6422   0.02502   0.02849  0.005516
   128/299     13.7G   0.03351   0.04321  0.001821   0.07853        16       640    0.9277    0.9351    0.9496    0.6425     0.025   0.02845  0.005546
   129/299     13.7G   0.03373   0.04384  0.001785   0.07936        41       640    0.9269     0.935    0.9502    0.6429     0.025   0.02843  0.005586
   130/299     13.7G   0.03363   0.04346  0.001921   0.07901        15       640    0.9294    0.9308    0.9501    0.6434   0.02498   0.02843  0.005594
   131/299     13.7G   0.03338   0.04256  0.001875   0.07782        14       640    0.9293    0.9324    0.9501    0.6431   0.02496   0.02842  0.005606
   132/299     13.7G   0.03339   0.04402  0.001873   0.07929        20       640    0.9309    0.9314      0.95    0.6435   0.02495   0.02845  0.005584
   133/299     13.7G   0.03378   0.04398  0.001788   0.07955        36       640    0.9307    0.9327    0.9501    0.6439   0.02494   0.02845   0.00557
   134/299     13.7G   0.03378   0.04476   0.00177   0.08031        59       640    0.9259     0.939    0.9508    0.6447   0.02493   0.02844  0.005545
   135/299     13.7G   0.03333   0.04224  0.001869   0.07744        26       640    0.9303    0.9357      0.95    0.6451   0.02492   0.02846  0.005557
   136/299     13.7G   0.03336   0.04319  0.001931   0.07849        61       640    0.9314    0.9346    0.9498    0.6451   0.02492   0.02847  0.005593
   137/299     13.7G   0.03287   0.04263  0.001823   0.07732        37       640    0.9335    0.9336    0.9497    0.6457   0.02492   0.02849  0.005635
   138/299     13.7G   0.03301   0.04323  0.001696   0.07793        25       640    0.9308    0.9347    0.9498    0.6453   0.02492   0.02849  0.005653
   139/299     13.7G   0.03277   0.04309  0.001892   0.07776        21       640    0.9332    0.9327    0.9494    0.6448   0.02493   0.02851  0.005649
   140/299     13.7G   0.03344   0.04301  0.001686   0.07813        32       640    0.9331    0.9316    0.9498    0.6456   0.02491    0.0285  0.005633
   141/299     13.7G   0.03296   0.04284  0.001701    0.0775        33       640     0.932     0.933    0.9493    0.6456   0.02491   0.02851  0.005648
   142/299     13.7G   0.03289   0.04362  0.001739   0.07825        34       640      0.93    0.9347    0.9487    0.6452   0.02491   0.02851  0.005672
   143/299     13.7G   0.03295     0.043  0.001638   0.07759        31       640    0.9302    0.9349    0.9487    0.6456   0.02491   0.02852  0.005691
   144/299     13.7G    0.0333    0.0435  0.001804   0.07861        28       640    0.9318    0.9334    0.9489    0.6455    0.0249   0.02854  0.005704
   145/299     13.7G   0.03325   0.04306  0.001685   0.07799        27       640    0.9295    0.9349    0.9486    0.6449    0.0249   0.02854  0.005726
   146/299     13.7G   0.03308   0.04325  0.001771    0.0781        31       640      0.93    0.9339    0.9487    0.6453   0.02489   0.02856  0.005749
   147/299     13.7G   0.03365   0.04328  0.001672    0.0786        18       640    0.9309    0.9341    0.9488    0.6453   0.02488   0.02856  0.005759
   148/299     13.7G   0.03268   0.04257  0.001746   0.07699        50       640    0.9318     0.933    0.9488    0.6449   0.02488   0.02858  0.005763
   149/299     13.7G   0.03341   0.04329  0.001595    0.0783        20       640    0.9308    0.9335    0.9486    0.6449   0.02488   0.02859   0.00577
   150/299     13.7G   0.03272   0.04262  0.001606   0.07694        50       640    0.9291    0.9355    0.9485    0.6451   0.02488    0.0286  0.005795
   151/299     13.7G   0.03242   0.04324  0.001677   0.07733        19       640    0.9291    0.9337    0.9484    0.6445   0.02487   0.02859  0.005814
   152/299     13.7G   0.03302   0.04386  0.001578   0.07845        38       640    0.9298    0.9327    0.9483     0.645   0.02487   0.02859  0.005847
   153/299     13.7G   0.03222   0.04232  0.001742   0.07629        30       640    0.9286    0.9348    0.9485    0.6452   0.02486   0.02859  0.005859
   154/299     13.7G   0.03275     0.042  0.001611   0.07636        15       640    0.9295    0.9342    0.9484    0.6451   0.02486   0.02858  0.005869
   155/299     13.7G   0.03298   0.04356  0.001628   0.07817        39       640    0.9286    0.9353    0.9485    0.6447   0.02487   0.02858  0.005889
   156/299     13.7G   0.03284   0.04184  0.001706   0.07639        15       640    0.9284    0.9355    0.9483    0.6449   0.02487   0.02859  0.005905
   157/299     13.7G   0.03216   0.04191  0.001663   0.07573        43       640    0.9284    0.9355    0.9482    0.6449   0.02487    0.0286  0.005907
   158/299     13.7G   0.03326   0.04243  0.001552   0.07724        63       640    0.9288    0.9348    0.9482     0.645   0.02487   0.02862  0.005918
   159/299     13.7G   0.03303   0.04203  0.001573   0.07663        41       640    0.9362    0.9278     0.948    0.6448   0.02488   0.02862  0.005916
   160/299     13.7G   0.03221   0.04176  0.001689   0.07566        38       640    0.9372    0.9271    0.9484    0.6444   0.02488   0.02863  0.005917
   161/299     13.7G   0.03192    0.0412  0.001592   0.07471        25       640    0.9372     0.927    0.9482    0.6447   0.02488   0.02864  0.005915
   162/299     13.7G   0.03225   0.04178  0.001598   0.07563        24       640    0.9302     0.934    0.9482    0.6439   0.02488   0.02865   0.00592
   163/299     13.7G   0.03272    0.0418  0.001526   0.07605        20       640    0.9352    0.9291    0.9483    0.6439   0.02488   0.02865   0.00592
   164/299     13.7G   0.03188   0.04182  0.001639   0.07534        18       640    0.9328    0.9304    0.9474    0.6436   0.02488   0.02866  0.005919
   165/299     13.7G   0.03216   0.04183  0.001598   0.07559        37       640    0.9347    0.9294    0.9476    0.6438   0.02488   0.02866  0.005915
   166/299     13.7G    0.0327   0.04167  0.001525    0.0759        20       640    0.9338      0.93    0.9477    0.6438   0.02489   0.02866  0.005898
   167/299     13.7G   0.03221   0.04176  0.001522    0.0755        23       640    0.9347    0.9286    0.9482    0.6442   0.02489   0.02867  0.005892
   168/299     13.7G   0.03205   0.04193  0.001438   0.07541        20       640    0.9349    0.9283    0.9484    0.6444   0.02489   0.02867  0.005891
   169/299     13.7G   0.03177   0.04205  0.001656   0.07547        27       640    0.9295    0.9346    0.9485    0.6443   0.02489   0.02867  0.005888
   170/299     13.7G   0.03184   0.04167  0.001623   0.07513        17       640    0.9287     0.936    0.9485    0.6445   0.02489   0.02866  0.005882
   171/299     13.7G   0.03243   0.04222   0.00161   0.07625        28       640    0.9291     0.936    0.9486    0.6444   0.02488   0.02867  0.005876
   172/299     13.7G   0.03168   0.04165  0.001456   0.07479        35       640    0.9289    0.9358    0.9487    0.6447   0.02488   0.02867  0.005872
   173/299     13.7G   0.03245   0.04209  0.001523   0.07606        18       640    0.9284    0.9359    0.9483     0.645   0.02488   0.02867  0.005865
   174/299     13.7G   0.03218   0.04218  0.001586   0.07595        17       640    0.9277    0.9368    0.9485    0.6448   0.02487   0.02867  0.005859
   175/299     13.7G   0.03214   0.04228  0.001439   0.07586        26       640    0.9275    0.9366    0.9483    0.6447   0.02487   0.02868  0.005866
   176/299     13.7G   0.03232   0.04206  0.001548   0.07593        22       640    0.9338    0.9304    0.9483    0.6448   0.02488   0.02868  0.005865
   177/299     13.7G   0.03125   0.04177   0.00158   0.07461        78       640    0.9343    0.9314    0.9482    0.6449   0.02488   0.02868  0.005863
   178/299     13.7G   0.03244   0.04164  0.001472   0.07555        15       640     0.934    0.9314    0.9482     0.645   0.02488   0.02869  0.005865
   179/299     13.7G   0.03139   0.04154  0.001589   0.07452        22       640    0.9331    0.9317    0.9489    0.6446   0.02488   0.02869  0.005864
   180/299     13.7G   0.03156   0.04174  0.001465   0.07477        22       640    0.9309    0.9339    0.9483    0.6448   0.02488    0.0287  0.005871
   181/299     13.7G   0.03172   0.04161   0.00164   0.07498        27       640    0.9282    0.9366    0.9483    0.6445   0.02488   0.02871  0.005873
   182/299     13.7G   0.03084   0.04122  0.001402   0.07346        21       640    0.9284    0.9365    0.9482    0.6445   0.02488   0.02872  0.005874
   183/299     13.7G   0.03133   0.04073  0.001481   0.07355        27       640     0.929    0.9363    0.9483    0.6445   0.02488   0.02872  0.005869
   184/299     13.7G    0.0314   0.04013  0.001465   0.07299        53       640    0.9292    0.9363    0.9481    0.6441   0.02488   0.02873  0.005871
   185/299     13.7G   0.03083   0.04123  0.001546    0.0736        16       640    0.9294    0.9363    0.9483    0.6444   0.02488   0.02873  0.005868
   186/299     13.7G   0.03203   0.04133  0.001511   0.07486        51       640    0.9294     0.936    0.9481    0.6448   0.02487   0.02873  0.005864
   187/299     13.7G    0.0312    0.0404  0.001453   0.07305        38       640    0.9294    0.9361    0.9484    0.6446   0.02487   0.02873  0.005856
   188/299     13.7G   0.03155   0.04058  0.001383   0.07351        45       640    0.9297     0.936    0.9482    0.6448   0.02487   0.02873  0.005852
   189/299     13.7G   0.03103   0.04077  0.001454   0.07325       246       640    0.9282    0.9374    0.9481    0.6449   0.02487   0.02873  0.005852
   190/299     13.7G   0.03102   0.04096  0.001467   0.07345        19       640    0.9297    0.9363    0.9481    0.6452   0.02487   0.02873  0.005848
   191/299     13.7G   0.03102   0.04131   0.00148    0.0738        35       640    0.9297    0.9362    0.9484    0.6453   0.02487   0.02873  0.005845
   192/299     13.7G   0.03075   0.04035  0.001482   0.07258        22       640    0.9286    0.9374    0.9481    0.6452   0.02487   0.02873   0.00585
   193/299     13.7G   0.03144   0.04069  0.001444   0.07357        31       640    0.9295    0.9366    0.9482    0.6448   0.02487   0.02873  0.005853
   194/299     13.7G   0.03152    0.0408   0.00136   0.07367        20       640     0.929    0.9373    0.9483    0.6451   0.02487   0.02873  0.005855
   195/299     13.7G   0.03141    0.0414   0.00147   0.07428        18       640     0.929    0.9371    0.9483    0.6449   0.02487   0.02873  0.005857
   196/299     13.7G   0.03063   0.04125  0.001381   0.07326        27       640    0.9286    0.9374    0.9483    0.6446   0.02487   0.02873  0.005859
   197/299     13.7G   0.03133   0.04038  0.001409   0.07312        18       640    0.9295    0.9364    0.9484    0.6451   0.02486   0.02873  0.005859
   198/299     13.7G   0.03099   0.04087  0.001372   0.07323        51       640    0.9299    0.9359    0.9483    0.6449   0.02486   0.02873  0.005863
   199/299     13.7G   0.03138   0.04131  0.001328   0.07402        28       640    0.9297    0.9361    0.9483    0.6446   0.02486   0.02874  0.005867
   200/299     13.7G    0.0314   0.04133  0.001263   0.07399        33       640    0.9299    0.9358    0.9483    0.6447   0.02486   0.02875   0.00587
   201/299     13.7G   0.03103   0.04058  0.001411   0.07303        21       640    0.9292    0.9365    0.9481    0.6445   0.02486   0.02875  0.005872
   202/299     13.7G     0.031   0.04007   0.00131   0.07238        26       640    0.9288    0.9376    0.9483    0.6447   0.02486   0.02875   0.00587
   203/299     13.7G    0.0312   0.04086  0.001331   0.07339        21       640    0.9293    0.9374    0.9481    0.6447   0.02486   0.02876  0.005873
   204/299     13.7G   0.03082   0.04054   0.00139   0.07275        24       640    0.9287    0.9376    0.9484    0.6444   0.02486   0.02876  0.005872
   205/299     13.7G   0.03098   0.04061   0.00143   0.07302        30       640     0.929    0.9374    0.9484    0.6444   0.02486   0.02876  0.005873
   206/299     13.7G   0.03079   0.04045  0.001264    0.0725        31       640    0.9289    0.9374    0.9488     0.644   0.02486   0.02876  0.005872
   207/299     13.7G   0.03132   0.04083   0.00147   0.07362        13       640    0.9289    0.9376    0.9487    0.6441   0.02487   0.02877  0.005874
   208/299     13.7G   0.03063   0.04032  0.001252   0.07219        38       640    0.9291    0.9375    0.9487    0.6439   0.02487   0.02877  0.005876
   209/299     13.7G   0.03151   0.04034  0.001295   0.07314        29       640    0.9288    0.9376    0.9488     0.644   0.02487   0.02877  0.005878
   210/299     13.7G   0.02999    0.0398  0.001363   0.07116        41       640    0.9288    0.9376    0.9487    0.6441   0.02487   0.02877  0.005884
   211/299     13.7G   0.03091   0.04054  0.001364   0.07281        23       640     0.929    0.9374    0.9487    0.6437   0.02488   0.02877  0.005888
   212/299     13.7G   0.03058   0.03969  0.001421   0.07169        16       640     0.929     0.937    0.9488    0.6437   0.02488   0.02877  0.005889
   213/299     13.7G   0.03109   0.04028  0.001259   0.07262        23       640    0.9293     0.937    0.9489    0.6436   0.02488   0.02878  0.005893
   214/299     13.7G   0.03002   0.03999  0.001357   0.07137        19       640    0.9289    0.9371    0.9488    0.6439   0.02488   0.02878  0.005896
   215/299     13.7G   0.03097   0.04082  0.001231   0.07303        24       640    0.9282    0.9379    0.9489    0.6435   0.02488   0.02878  0.005895
   216/299     13.7G   0.03084   0.03987  0.001308   0.07202        25       640    0.9306    0.9355    0.9487    0.6438   0.02488   0.02879  0.005896
   217/299     13.7G   0.03051   0.03932  0.001214   0.07104        21       640    0.9299    0.9363    0.9488    0.6436   0.02488   0.02879    0.0059
   218/299     13.7G   0.03106   0.03939  0.001306   0.07176        27       640    0.9299    0.9361     0.949    0.6437   0.02489   0.02879  0.005904
   219/299     13.7G   0.03007   0.04027  0.001347   0.07168        48       640      0.93    0.9358    0.9489    0.6437   0.02489    0.0288  0.005905
   220/299     13.7G   0.03142   0.04041  0.001201   0.07303        20       640    0.9303    0.9356    0.9488    0.6437   0.02489    0.0288  0.005908
   221/299     13.7G   0.02995   0.03941  0.001189   0.07055        29       640    0.9297    0.9361    0.9492    0.6439    0.0249    0.0288  0.005911
   222/299     13.7G    0.0308   0.03977  0.001161   0.07173        34       640    0.9297    0.9364    0.9493     0.644    0.0249    0.0288  0.005912
   223/299     13.7G   0.03059   0.03904  0.001245   0.07088        15       640    0.9277    0.9382    0.9487    0.6441    0.0249   0.02881   0.00591
   224/299     13.7G   0.03015   0.03973  0.001228    0.0711        38       640     0.929    0.9373    0.9487    0.6438    0.0249   0.02881  0.005907
   225/299     13.7G   0.03026   0.04007  0.001291   0.07163        37       640    0.9288    0.9374    0.9487    0.6438    0.0249   0.02881  0.005906
   226/299     13.7G   0.02974   0.03911  0.001357   0.07021        28       640     0.929    0.9375    0.9486    0.6436    0.0249   0.02882  0.005905
   227/299     13.7G   0.03011   0.03965  0.001218   0.07097        16       640    0.9285     0.938    0.9486    0.6435    0.0249   0.02882  0.005904
   228/299     13.7G      0.03   0.03958  0.001293   0.07087        31       640    0.9288     0.938    0.9486    0.6435    0.0249   0.02882  0.005902
   229/299     13.7G   0.02989   0.03986  0.001309   0.07106        25       640    0.9293    0.9374    0.9484    0.6436    0.0249   0.02882    0.0059
   230/299     13.7G   0.03013   0.03964   0.00115   0.07092        30       640    0.9312    0.9356    0.9484    0.6434    0.0249   0.02882  0.005904
   231/299     13.7G    0.0298   0.03877  0.001369   0.06994        44       640    0.9311    0.9358    0.9484    0.6435    0.0249   0.02882  0.005906
   232/299     13.7G   0.03083   0.04029  0.001161   0.07228        68       640    0.9315    0.9358    0.9482    0.6433    0.0249   0.02882  0.005909
   233/299     13.7G   0.03003   0.03926  0.001251   0.07054        30       640    0.9315    0.9357    0.9481    0.6433    0.0249   0.02882  0.005913
   234/299     13.7G   0.03054   0.03937  0.001125   0.07103        19       640    0.9362    0.9309    0.9484    0.6434    0.0249   0.02883  0.005915
   235/299     13.7G   0.02981   0.03975  0.001342   0.07089        32       640    0.9366    0.9307    0.9485    0.6433    0.0249   0.02883  0.005919
   236/299     13.7G   0.03006   0.03951  0.001201   0.07077        28       640    0.9352     0.932    0.9482    0.6436    0.0249   0.02883  0.005921
   237/299     13.7G   0.02951    0.0391  0.001199   0.06981        10       640    0.9356    0.9315    0.9481    0.6434    0.0249   0.02884  0.005922
   238/299     13.7G   0.02993   0.03936  0.001166   0.07046        20       640    0.9357    0.9317    0.9482    0.6436   0.02491   0.02884  0.005923
   239/299     13.7G   0.02885   0.03925  0.001202    0.0693        26       640    0.9357    0.9317    0.9482    0.6439   0.02491   0.02884  0.005929
   240/299     13.7G   0.02935   0.03813  0.001195   0.06868        30       640    0.9365    0.9311    0.9482     0.644    0.0249   0.02884  0.005933
   241/299     13.7G   0.03002    0.0392   0.00113   0.07035        53       640    0.9355    0.9322    0.9482    0.6441   0.02491   0.02884  0.005939
   242/299     13.7G    0.0297   0.03966  0.001104   0.07046        50       640     0.936    0.9319    0.9482    0.6443   0.02491   0.02884   0.00594
   243/299     13.7G   0.02989   0.03917  0.001131   0.07019        29       640    0.9363     0.932    0.9483    0.6441   0.02491   0.02884  0.005942
   244/299     13.7G   0.02858   0.03877  0.001176   0.06853        24       640    0.9353    0.9326    0.9482    0.6439   0.02491   0.02885  0.005946
   245/299     13.7G   0.03048   0.04034  0.001154   0.07198        24       640    0.9354    0.9325    0.9482    0.6442   0.02491   0.02885  0.005947
   246/299     13.7G   0.03008   0.03891  0.001256   0.07024        14       640    0.9352    0.9328    0.9482    0.6442   0.02492   0.02886  0.005951
   247/299     13.7G   0.02944   0.03911  0.001156   0.06971        19       640    0.9353     0.933    0.9482    0.6441   0.02492   0.02886  0.005954
   248/299     13.7G   0.02945    0.0389  0.001249    0.0696        18       640    0.9354    0.9329    0.9481    0.6442   0.02492   0.02887  0.005956
   249/299     13.7G   0.02929   0.03907  0.001136   0.06949        23       640    0.9353     0.933     0.948    0.6442   0.02492   0.02887  0.005959
   250/299     13.7G    0.0297   0.03907  0.001299   0.07007        36       640     0.935     0.933    0.9481    0.6442   0.02492   0.02888   0.00596
   251/299     13.7G   0.02923   0.03838  0.001258   0.06887        29       640    0.9356    0.9325    0.9481    0.6442   0.02493   0.02888  0.005962
   252/299     13.7G   0.02978   0.03905  0.001123   0.06996        27       640    0.9336    0.9345    0.9478    0.6438   0.02493   0.02889  0.005961
   253/299     13.7G   0.02876   0.03871  0.001099   0.06857        30       640    0.9352    0.9331    0.9481    0.6438   0.02494    0.0289  0.005961
   254/299     13.7G    0.0288   0.03821   0.00122   0.06823        27       640    0.9351     0.933    0.9481    0.6437   0.02494   0.02891  0.005966
   255/299     13.7G   0.02966   0.03904  0.001057   0.06976        33       640    0.9338    0.9345    0.9482    0.6438   0.02494   0.02891   0.00597
   256/299     13.7G   0.02996   0.03863  0.001121   0.06971        24       640    0.9337    0.9345    0.9481    0.6437   0.02494   0.02892   0.00597
   257/299     13.7G   0.02987   0.03874  0.001155   0.06977        40       640    0.9338    0.9345     0.948    0.6438   0.02494   0.02892  0.005974
   258/299     13.7G   0.02928   0.03812  0.001192   0.06859        14       640    0.9347    0.9342    0.9481    0.6442   0.02495   0.02893  0.005978
   259/299     13.7G    0.0294   0.03908  0.001141   0.06961        33       640    0.9346    0.9343     0.948    0.6439   0.02495   0.02893   0.00598
   260/299     13.7G   0.02924   0.03782   0.00121   0.06826        18       640    0.9347     0.934    0.9484    0.6435   0.02495   0.02893  0.005982
   261/299     13.7G   0.02858   0.03834  0.001026   0.06794        29       640    0.9348    0.9343    0.9483    0.6436   0.02495   0.02894  0.005983
   262/299     13.7G   0.02919   0.03797  0.001166   0.06832        34       640    0.9348    0.9343    0.9483    0.6432   0.02496   0.02894  0.005985
   263/299     13.7G   0.02925    0.0393  0.001066   0.06962        74       640    0.9347    0.9342    0.9483    0.6431   0.02496   0.02895  0.005988
   264/299     13.7G   0.02839    0.0377  0.001276   0.06737        46       640    0.9346    0.9343     0.948    0.6433   0.02496   0.02895  0.005991
   265/299     13.7G   0.02879   0.03776  0.001135   0.06769        26       640    0.9353     0.934    0.9482    0.6429   0.02496   0.02895  0.005993
   266/299     13.7G   0.02869   0.03785  0.001174   0.06772        26       640    0.9353     0.934    0.9482    0.6429   0.02497   0.02895  0.005997
   267/299     13.7G   0.02926   0.03855  0.001168   0.06897        22       640    0.9354    0.9337    0.9481    0.6428   0.02497   0.02896  0.006003
   268/299     13.7G   0.02894   0.03775  0.001141   0.06783        25       640    0.9354    0.9336    0.9481    0.6427   0.02497   0.02896  0.006006
   269/299     13.7G   0.02849   0.03877  0.001196   0.06846        30       640    0.9354    0.9335     0.948    0.6426   0.02498   0.02896  0.006008
   270/299     13.7G   0.02841   0.03764  0.001123   0.06717        20       640    0.9343    0.9343    0.9478    0.6426   0.02498   0.02897  0.006011
   271/299     13.7G   0.02893   0.03877  0.001088   0.06879        18       640     0.934    0.9343    0.9477    0.6427   0.02498   0.02897  0.006013
   272/299     13.7G   0.02957   0.03852  0.001053   0.06915        26       640    0.9342    0.9342    0.9476    0.6426   0.02499   0.02898  0.006014
   273/299     13.7G   0.02894   0.03837  0.001038   0.06834        23       640     0.934    0.9342    0.9476    0.6422   0.02499   0.02899  0.006014
   274/299     13.7G    0.0296   0.03841  0.001096   0.06911        31       640    0.9337    0.9343    0.9476    0.6422   0.02499     0.029  0.006017
   275/299     13.7G   0.02937    0.0384   0.00114   0.06891        21       640    0.9345    0.9334    0.9477    0.6423     0.025     0.029  0.006019
   276/299     13.7G   0.02873   0.03851  0.001168   0.06842        25       640    0.9335    0.9343    0.9477    0.6422   0.02499   0.02901  0.006023
   277/299     13.7G   0.02871   0.03827  0.001144   0.06813        18       640    0.9344    0.9335    0.9475    0.6417     0.025   0.02901  0.006027
   278/299     13.7G   0.02894   0.03776  0.001125   0.06782        21       640    0.9344    0.9335    0.9476    0.6422     0.025   0.02902   0.00603
   279/299     13.7G   0.02934   0.03823  0.001064   0.06863        27       640    0.9361    0.9312    0.9476    0.6421     0.025   0.02903  0.006032
   280/299     13.7G   0.02829   0.03755    0.0011   0.06693        17       640    0.9362    0.9314    0.9476    0.6421     0.025   0.02903  0.006037
   281/299     13.7G   0.02881   0.03795  0.001087   0.06784        25       640    0.9347    0.9327    0.9476    0.6421     0.025   0.02903  0.006042
   282/299     13.7G   0.02868   0.03804  0.001159   0.06788        20       640    0.9362    0.9311    0.9475    0.6421     0.025   0.02904  0.006047
   283/299     13.7G     0.029   0.03779  0.001178   0.06796        24       640    0.9362    0.9311    0.9474    0.6423     0.025   0.02905  0.006051
   284/299     13.7G   0.02945   0.03808  0.001141   0.06867        38       640    0.9343    0.9334    0.9473    0.6423     0.025   0.02905  0.006055
   285/299     13.7G   0.02928   0.03855  0.001091   0.06893        30       640    0.9345    0.9334    0.9474    0.6425     0.025   0.02906  0.006058
   286/299     13.7G   0.02883   0.03759  0.001082    0.0675        22       640    0.9344    0.9335    0.9471    0.6425   0.02501   0.02906  0.006061
   287/299     13.7G   0.02898   0.03746  0.001093   0.06753        25       640    0.9345    0.9336    0.9473    0.6425   0.02501   0.02907  0.006064
   288/299     13.7G   0.02802   0.03778  0.001125   0.06693        26       640    0.9345    0.9338    0.9471    0.6422   0.02501   0.02907   0.00607
   289/299     13.7G   0.02878    0.0369  0.001082   0.06677        19       640    0.9341     0.934    0.9471    0.6424   0.02501   0.02908  0.006072
   290/299     13.7G   0.02867   0.03767  0.001106   0.06745        31       640    0.9349    0.9335     0.947    0.6422   0.02501   0.02908  0.006077
   291/299     13.7G   0.02912   0.03806   0.00107   0.06825        26       640    0.9342    0.9342    0.9469    0.6422   0.02502   0.02909  0.006079
   292/299     13.7G   0.02886   0.03842  0.000998   0.06828        24       640    0.9356    0.9327     0.947    0.6423   0.02502   0.02909  0.006082
   293/299     13.7G   0.02842   0.03768  0.001014   0.06712        41       640    0.9356    0.9327    0.9469     0.642   0.02502    0.0291  0.006087
   294/299     13.7G   0.02875   0.03842  0.001209   0.06837        26       640    0.9331    0.9346    0.9468    0.6424   0.02502    0.0291  0.006089
   295/299     13.7G   0.02853   0.03725  0.001171   0.06695        17       640    0.9336     0.934    0.9468     0.642   0.02502   0.02911  0.006091
   296/299     13.7G   0.02902   0.03757   0.00112   0.06771        21       640    0.9336    0.9344    0.9468     0.642   0.02502   0.02911  0.006094
   297/299     13.7G   0.02875   0.03793 0.0009956   0.06767        32       640    0.9362    0.9306    0.9463    0.6421   0.02502   0.02912  0.006097
   298/299     13.7G   0.02912   0.03728   0.00101   0.06742        16       640    0.9358    0.9309    0.9465    0.6418   0.02503   0.02912  0.006098
   299/299     13.7G   0.02851   0.03802  0.001026   0.06755        17       640    0.9361    0.9307    0.9465    0.6415   0.02503   0.02913  0.006102
